1.00063 0.000628319 0.000628319
1.00126 0.00125664 0.00125664
1.00188 0.00188495 0.00188495
1.00251 0.00251327 0.00251327
1.00314 0.00314159 0.00314159
1.00376 0.0037699 0.0037699
1.00439 0.00439822 0.00439822
1.00501 0.00502653 0.00502653
1.00564 0.00565484 0.00565484
1.00626 0.00628314 0.00628314
1.00689 0.00691145 0.00691145
1.00751 0.00753975 0.00753975
1.00813 0.00816805 0.00816805
1.00875 0.00879635 0.00879635
1.00938 0.00942464 0.00942464
1.01 0.0100529 0.0100529
1.01062 0.0106812 0.0106812
1.01124 0.0113095 0.0113095
1.01186 0.0119378 0.0119378
1.01248 0.012566 0.012566
1.0131 0.0131943 0.0131943
1.01372 0.0138226 0.0138226
1.01434 0.0144508 0.0144508
1.01496 0.0150791 0.0150791
1.01558 0.0157073 0.0157073
1.0162 0.0163356 0.0163356
1.01681 0.0169638 0.0169638
1.01743 0.017592 0.017592
1.01805 0.0182202 0.0182202
1.01866 0.0188484 0.0188484
1.01928 0.0194766 0.0194766
1.0199 0.0201048 0.0201048
1.02051 0.020733 0.020733
1.02113 0.0213612 0.0213612
1.02174 0.0219894 0.0219894
1.02235 0.0226175 0.0226175
1.02297 0.0232457 0.0232457
1.02358 0.0238738 0.0238738
1.02419 0.024502 0.024502
1.02481 0.0251301 0.0251301
1.02542 0.0257582 0.0257582
1.02603 0.0263863 0.0263863
1.02664 0.0270144 0.0270144
1.02725 0.0276425 0.0276425
1.02786 0.0282706 0.0282706
1.02847 0.0288986 0.0288986
1.02908 0.0295267 0.0295267
1.02969 0.0301547 0.0301547
1.0303 0.0307827 0.0307827
1.03091 0.0314108 0.0314108
1.03152 0.0320388 0.0320388
1.03212 0.0326668 0.0326668
1.03273 0.0332947 0.0332947
1.03334 0.0339227 0.0339227
1.03394 0.0345506 0.0345506
1.03455 0.0351786 0.0351786
1.03515 0.0358065 0.0358065
1.03576 0.0364344 0.0364344
1.03636 0.0370623 0.0370623
1.03697 0.0376902 0.0376902
1.03757 0.038318 0.038318
1.03817 0.0389459 0.0389459
1.03878 0.0395737 0.0395737
1.03938 0.0402016 0.0402016
1.03998 0.0408294 0.0408294
1.04058 0.0414571 0.0414571
1.04119 0.0420849 0.0420849
1.04179 0.0427127 0.0427127
1.04239 0.0433404 0.0433404
1.04299 0.0439681 0.0439681
1.04359 0.0445958 0.0445958
1.04419 0.0452235 0.0452235
1.04479 0.0458512 0.0458512
1.04538 0.0464788 0.0464788
1.04598 0.0471065 0.0471065
1.04658 0.0477341 0.0477341
1.04718 0.0483617 0.0483617
1.04777 0.0489892 0.0489892
1.04837 0.0496168 0.0496168
1.04897 0.0502443 0.0502443
1.04956 0.0508718 0.0508718
1.05016 0.0514993 0.0514993
1.05075 0.0521268 0.0521268
1.05135 0.0527543 0.0527543
1.05194 0.0533817 0.0533817
1.05253 0.0540091 0.0540091
1.05313 0.0546365 0.0546365
1.05372 0.0552639 0.0552639
1.05431 0.0558912 0.0558912
1.0549 0.0565185 0.0565185
1.05549 0.0571458 0.0571458
1.05608 0.0577731 0.0577731
1.05668 0.0584004 0.0584004
1.05727 0.0590276 0.0590276
1.05786 0.0596548 0.0596548
1.05844 0.060282 0.060282
1.05903 0.0609092 0.0609092
1.05962 0.0615363 0.0615363
1.06021 0.0621634 0.0621634
1.0608 0.0627905 0.0627905
1.06138 0.0634176 0.0634176
1.06197 0.0640446 0.0640446
1.06256 0.0646716 0.0646716
1.06314 0.0652986 0.0652986
1.06373 0.0659256 0.0659256
1.06431 0.0665525 0.0665525
1.0649 0.0671795 0.0671795
1.06548 0.0678063 0.0678063
1.06607 0.0684332 0.0684332
1.06665 0.06906 0.06906
1.06723 0.0696868 0.0696868
1.06782 0.0703136 0.0703136
1.0684 0.0709404 0.0709404
1.06898 0.0715671 0.0715671
1.06956 0.0721938 0.0721938
1.07014 0.0728204 0.0728204
1.07072 0.0734471 0.0734471
1.0713 0.0740737 0.0740737
1.07188 0.0747003 0.0747003
1.07246 0.0753268 0.0753268
1.07304 0.0759533 0.0759533
1.07362 0.0765798 0.0765798
1.0742 0.0772063 0.0772063
1.07477 0.0778327 0.0778327
1.07535 0.0784591 0.0784591
1.07593 0.0790855 0.0790855
1.0765 0.0797118 0.0797118
1.07708 0.0803381 0.0803381
1.07766 0.0809644 0.0809644
1.07823 0.0815906 0.0815906
1.07881 0.0822168 0.0822168
1.07938 0.082843 0.082843
1.07995 0.0834691 0.0834691
1.08053 0.0840953 0.0840953
1.0811 0.0847213 0.0847213
1.08167 0.0853474 0.0853474
1.08224 0.0859734 0.0859734
1.08282 0.0865994 0.0865994
1.08339 0.0872253 0.0872253
1.08396 0.0878512 0.0878512
1.08453 0.0884771 0.0884771
1.0851 0.0891029 0.0891029
1.08567 0.0897287 0.0897287
1.08624 0.0903545 0.0903545
1.0868 0.0909802 0.0909802
1.08737 0.0916059 0.0916059
1.08794 0.0922316 0.0922316
1.08851 0.0928572 0.0928572
1.08907 0.0934828 0.0934828
1.08964 0.0941083 0.0941083
1.09021 0.0947338 0.0947338
1.09077 0.0953593 0.0953593
1.09134 0.0959847 0.0959847
1.0919 0.0966101 0.0966101
1.09247 0.0972355 0.0972355
1.09303 0.0978608 0.0978608
1.09359 0.0984861 0.0984861
1.09416 0.0991114 0.0991114
1.09472 0.0997366 0.0997366
1.09528 0.100362 0.100362
1.09584 0.100987 0.100987
1.0964 0.101612 0.101612
1.09696 0.102237 0.102237
1.09753 0.102862 0.102862
1.09809 0.103487 0.103487
1.09864 0.104112 0.104112
1.0992 0.104737 0.104737
1.09976 0.105362 0.105362
1.10032 0.105986 0.105986
1.10088 0.106611 0.106611
1.10144 0.107236 0.107236
1.10199 0.107861 0.107861
1.10255 0.108485 0.108485
1.10311 0.10911 0.10911
1.10366 0.109734 0.109734
1.10422 0.110359 0.110359
1.10477 0.110983 0.110983
1.10532 0.111608 0.111608
1.10588 0.112232 0.112232
1.10643 0.112856 0.112856
1.10699 0.113481 0.113481
1.10754 0.114105 0.114105
1.10809 0.114729 0.114729
1.10864 0.115353 0.115353
1.10919 0.115977 0.115977
1.10974 0.116601 0.116601
1.11029 0.117225 0.117225
1.11084 0.117849 0.117849
1.11139 0.118473 0.118473
1.11194 0.119097 0.119097
1.11249 0.119721 0.119721
1.11304 0.120345 0.120345
1.11359 0.120968 0.120968
1.11413 0.121592 0.121592
1.11468 0.122216 0.122216
1.11523 0.122839 0.122839
1.11577 0.123463 0.123463
1.11632 0.124086 0.124086
1.11686 0.12471 0.12471
1.11741 0.125333 0.125333
1.11795 0.125957 0.125957
1.1185 0.12658 0.12658
1.11904 0.127203 0.127203
1.11958 0.127826 0.127826
1.12013 0.128449 0.128449
1.12067 0.129073 0.129073
1.12121 0.129696 0.129696
1.12175 0.130319 0.130319
1.12229 0.130941 0.130941
1.12283 0.131564 0.131564
1.12337 0.132187 0.132187
1.12391 0.13281 0.13281
1.12445 0.133433 0.133433
1.12499 0.134055 0.134055
1.12553 0.134678 0.134678
1.12606 0.135301 0.135301
1.1266 0.135923 0.135923
1.12714 0.136546 0.136546
1.12767 0.137168 0.137168
1.12821 0.13779 0.13779
1.12874 0.138413 0.138413
1.12928 0.139035 0.139035
1.12981 0.139657 0.139657
1.13035 0.140279 0.140279
1.13088 0.140901 0.140901
1.13141 0.141523 0.141523
1.13195 0.142145 0.142145
1.13248 0.142767 0.142767
1.13301 0.143389 0.143389
1.13354 0.144011 0.144011
1.13407 0.144633 0.144633
1.1346 0.145254 0.145254
1.13513 0.145876 0.145876
1.13566 0.146497 0.146497
1.13619 0.147119 0.147119
1.13672 0.14774 0.14774
1.13725 0.148362 0.148362
1.13778 0.148983 0.148983
1.1383 0.149604 0.149604
1.13883 0.150226 0.150226
1.13936 0.150847 0.150847
1.13988 0.151468 0.151468
1.14041 0.152089 0.152089
1.14093 0.15271 0.15271
1.14146 0.153331 0.153331
1.14198 0.153952 0.153952
1.14251 0.154572 0.154572
1.14303 0.155193 0.155193
1.14355 0.155814 0.155814
1.14407 0.156434 0.156434
1.1446 0.157055 0.157055
1.14512 0.157676 0.157676
1.14564 0.158296 0.158296
1.14616 0.158916 0.158916
1.14668 0.159537 0.159537
1.1472 0.160157 0.160157
1.14772 0.160777 0.160777
1.14824 0.161397 0.161397
1.14875 0.162017 0.162017
1.14927 0.162637 0.162637
1.14979 0.163257 0.163257
1.15031 0.163877 0.163877
1.15082 0.164497 0.164497
1.15134 0.165116 0.165116
1.15185 0.165736 0.165736
1.15237 0.166356 0.166356
1.15288 0.166975 0.166975
1.1534 0.167595 0.167595
1.15391 0.168214 0.168214
1.15443 0.168833 0.168833
1.15494 0.169453 0.169453
1.15545 0.170072 0.170072
1.15596 0.170691 0.170691
1.15647 0.17131 0.17131
1.15698 0.171929 0.171929
1.15749 0.172548 0.172548
1.158 0.173167 0.173167
1.15851 0.173786 0.173786
1.15902 0.174404 0.174404
1.15953 0.175023 0.175023
1.16004 0.175642 0.175642
1.16055 0.17626 0.17626
1.16106 0.176879 0.176879
1.16156 0.177497 0.177497
1.16207 0.178115 0.178115
1.16257 0.178734 0.178734
1.16308 0.179352 0.179352
1.16359 0.17997 0.17997
1.16409 0.180588 0.180588
1.16459 0.181206 0.181206
1.1651 0.181824 0.181824
1.1656 0.182441 0.182441
1.1661 0.183059 0.183059
1.16661 0.183677 0.183677
1.16711 0.184294 0.184294
1.16761 0.184912 0.184912
1.16811 0.185529 0.185529
1.16861 0.186147 0.186147
1.16911 0.186764 0.186764
1.16961 0.187381 0.187381
1.17011 0.187998 0.187998
1.17061 0.188616 0.188616
1.17111 0.189233 0.189233
1.1716 0.189849 0.189849
1.1721 0.190466 0.190466
1.1726 0.191083 0.191083
1.17309 0.1917 0.1917
1.17359 0.192316 0.192316
1.17408 0.192933 0.192933
1.17458 0.193549 0.193549
1.17507 0.194166 0.194166
1.17557 0.194782 0.194782
1.17606 0.195398 0.195398
1.17655 0.196015 0.196015
1.17705 0.196631 0.196631
1.17754 0.197247 0.197247
1.17803 0.197863 0.197863
1.17852 0.198479 0.198479
1.17901 0.199094 0.199094
1.1795 0.19971 0.19971
1.17999 0.200326 0.200326
1.18048 0.200941 0.200941
1.18097 0.201557 0.201557
1.18146 0.202172 0.202172
1.18195 0.202787 0.202787
1.18243 0.203403 0.203403
1.18292 0.204018 0.204018
1.18341 0.204633 0.204633
1.18389 0.205248 0.205248
1.18438 0.205863 0.205863
1.18486 0.206477 0.206477
1.18535 0.207092 0.207092
1.18583 0.207707 0.207707
1.18632 0.208321 0.208321
1.1868 0.208936 0.208936
1.18728 0.20955 0.20955
1.18776 0.210165 0.210165
1.18825 0.210779 0.210779
1.18873 0.211393 0.211393
1.18921 0.212007 0.212007
1.18969 0.212621 0.212621
1.19017 0.213235 0.213235
1.19065 0.213849 0.213849
1.19113 0.214463 0.214463
1.19161 0.215076 0.215076
1.19208 0.21569 0.21569
1.19256 0.216303 0.216303
1.19304 0.216917 0.216917
1.19352 0.21753 0.21753
1.19399 0.218143 0.218143
1.19447 0.218756 0.218756
1.19494 0.219369 0.219369
1.19542 0.219982 0.219982
1.19589 0.220595 0.220595
1.19637 0.221208 0.221208
1.19684 0.221821 0.221821
1.19731 0.222433 0.222433
1.19778 0.223046 0.223046
1.19826 0.223658 0.223658
1.19873 0.224271 0.224271
1.1992 0.224883 0.224883
1.19967 0.225495 0.225495
1.20014 0.226107 0.226107
1.20061 0.226719 0.226719
1.20108 0.227331 0.227331
1.20155 0.227943 0.227943
1.20201 0.228555 0.228555
1.20248 0.229166 0.229166
1.20295 0.229778 0.229778
1.20342 0.230389 0.230389
1.20388 0.231001 0.231001
1.20435 0.231612 0.231612
1.20481 0.232223 0.232223
1.20528 0.232834 0.232834
1.20574 0.233445 0.233445
1.20621 0.234056 0.234056
1.20667 0.234667 0.234667
1.20713 0.235278 0.235278
1.20759 0.235888 0.235888
1.20806 0.236499 0.236499
1.20852 0.237109 0.237109
1.20898 0.23772 0.23772
1.20944 0.23833 0.23833
1.2099 0.23894 0.23894
1.21036 0.23955 0.23955
1.21082 0.24016 0.24016
1.21128 0.24077 0.24077
1.21173 0.24138 0.24138
1.21219 0.24199 0.24199
1.21265 0.242599 0.242599
1.21311 0.243209 0.243209
1.21356 0.243818 0.243818
1.21402 0.244427 0.244427
1.21447 0.245037 0.245037
1.21493 0.245646 0.245646
1.21538 0.246255 0.246255
1.21584 0.246864 0.246864
1.21629 0.247473 0.247473
1.21674 0.248081 0.248081
1.21719 0.24869 0.24869
1.21765 0.249298 0.249298
1.2181 0.249907 0.249907
1.21855 0.250515 0.250515
1.219 0.251123 0.251123
1.21945 0.251732 0.251732
1.2199 0.25234 0.25234
1.22035 0.252948 0.252948
1.2208 0.253555 0.253555
1.22124 0.254163 0.254163
1.22169 0.254771 0.254771
1.22214 0.255378 0.255378
1.22259 0.255986 0.255986
1.22303 0.256593 0.256593
1.22348 0.2572 0.2572
1.22392 0.257807 0.257807
1.22437 0.258414 0.258414
1.22481 0.259021 0.259021
1.22526 0.259628 0.259628
1.2257 0.260235 0.260235
1.22614 0.260842 0.260842
1.22658 0.261448 0.261448
1.22703 0.262054 0.262054
1.22747 0.262661 0.262661
1.22791 0.263267 0.263267
1.22835 0.263873 0.263873
1.22879 0.264479 0.264479
1.22923 0.265085 0.265085
1.22967 0.265691 0.265691
1.2301 0.266296 0.266296
1.23054 0.266902 0.266902
1.23098 0.267507 0.267507
1.23142 0.268113 0.268113
1.23185 0.268718 0.268718
1.23229 0.269323 0.269323
1.23272 0.269928 0.269928
1.23316 0.270533 0.270533
1.23359 0.271138 0.271138
1.23403 0.271743 0.271743
1.23446 0.272347 0.272347
1.23489 0.272952 0.272952
1.23533 0.273556 0.273556
1.23576 0.274161 0.274161
1.23619 0.274765 0.274765
1.23662 0.275369 0.275369
1.23705 0.275973 0.275973
1.23748 0.276577 0.276577
1.23791 0.277181 0.277181
1.23834 0.277784 0.277784
1.23877 0.278388 0.278388
1.2392 0.278991 0.278991
1.23962 0.279594 0.279594
1.24005 0.280198 0.280198
1.24048 0.280801 0.280801
1.2409 0.281404 0.281404
1.24133 0.282007 0.282007
1.24176 0.282609 0.282609
1.24218 0.283212 0.283212
1.2426 0.283815 0.283815
1.24303 0.284417 0.284417
1.24345 0.285019 0.285019
1.24387 0.285621 0.285621
1.2443 0.286224 0.286224
1.24472 0.286826 0.286826
1.24514 0.287427 0.287427
1.24556 0.288029 0.288029
1.24598 0.288631 0.288631
1.2464 0.289232 0.289232
1.24682 0.289834 0.289834
1.24724 0.290435 0.290435
1.24766 0.291036 0.291036
1.24807 0.291637 0.291637
1.24849 0.292238 0.292238
1.24891 0.292839 0.292839
1.24933 0.29344 0.29344
1.24974 0.29404 0.29404
1.25016 0.294641 0.294641
1.25057 0.295241 0.295241
1.25099 0.295841 0.295841
1.2514 0.296442 0.296442
1.25181 0.297042 0.297042
1.25223 0.297642 0.297642
1.25264 0.298241 0.298241
1.25305 0.298841 0.298841
1.25346 0.29944 0.29944
1.25387 0.30004 0.30004
1.25428 0.300639 0.300639
1.25469 0.301238 0.301238
1.2551 0.301838 0.301838
1.25551 0.302436 0.302436
1.25592 0.303035 0.303035
1.25633 0.303634 0.303634
1.25673 0.304233 0.304233
1.25714 0.304831 0.304831
1.25755 0.305429 0.305429
1.25795 0.306028 0.306028
1.25836 0.306626 0.306626
1.25876 0.307224 0.307224
1.25917 0.307822 0.307822
1.25957 0.308419 0.308419
1.25998 0.309017 0.309017
1.26038 0.309615 0.309615
1.26078 0.310212 0.310212
1.26118 0.310809 0.310809
1.26159 0.311406 0.311406
1.26199 0.312003 0.312003
1.26239 0.3126 0.3126
1.26279 0.313197 0.313197
1.26319 0.313794 0.313794
1.26359 0.31439 0.31439
1.26398 0.314987 0.314987
1.26438 0.315583 0.315583
1.26478 0.316179 0.316179
1.26518 0.316775 0.316775
1.26557 0.317371 0.317371
1.26597 0.317967 0.317967
1.26636 0.318562 0.318562
1.26676 0.319158 0.319158
1.26715 0.319753 0.319753
1.26755 0.320348 0.320348
1.26794 0.320944 0.320944
1.26833 0.321539 0.321539
1.26873 0.322134 0.322134
1.26912 0.322728 0.322728
1.26951 0.323323 0.323323
1.2699 0.323917 0.323917
1.27029 0.324512 0.324512
1.27068 0.325106 0.325106
1.27107 0.3257 0.3257
1.27146 0.326294 0.326294
1.27185 0.326888 0.326888
1.27224 0.327482 0.327482
1.27262 0.328075 0.328075
1.27301 0.328669 0.328669
1.2734 0.329262 0.329262
1.27378 0.329855 0.329855
1.27417 0.330449 0.330449
1.27455 0.331041 0.331041
1.27494 0.331634 0.331634
1.27532 0.332227 0.332227
1.27571 0.33282 0.33282
1.27609 0.333412 0.333412
1.27647 0.334004 0.334004
1.27685 0.334596 0.334596
1.27723 0.335189 0.335189
1.27762 0.33578 0.33578
1.278 0.336372 0.336372
1.27838 0.336964 0.336964
1.27875 0.337555 0.337555
1.27913 0.338147 0.338147
1.27951 0.338738 0.338738
1.27989 0.339329 0.339329
1.28027 0.33992 0.33992
1.28064 0.340511 0.340511
1.28102 0.341102 0.341102
1.2814 0.341692 0.341692
1.28177 0.342283 0.342283
1.28215 0.342873 0.342873
1.28252 0.343463 0.343463
1.2829 0.344053 0.344053
1.28327 0.344643 0.344643
1.28364 0.345233 0.345233
1.28401 0.345822 0.345822
1.28439 0.346412 0.346412
1.28476 0.347001 0.347001
1.28513 0.34759 0.34759
1.2855 0.348179 0.348179
1.28587 0.348768 0.348768
1.28624 0.349357 0.349357
1.28661 0.349946 0.349946
1.28697 0.350534 0.350534
1.28734 0.351123 0.351123
1.28771 0.351711 0.351711
1.28808 0.352299 0.352299
1.28844 0.352887 0.352887
1.28881 0.353475 0.353475
1.28917 0.354063 0.354063
1.28954 0.35465 0.35465
1.2899 0.355238 0.355238
1.29027 0.355825 0.355825
1.29063 0.356412 0.356412
1.29099 0.356999 0.356999
1.29135 0.357586 0.357586
1.29172 0.358172 0.358172
1.29208 0.358759 0.358759
1.29244 0.359345 0.359345
1.2928 0.359932 0.359932
1.29316 0.360518 0.360518
1.29352 0.361104 0.361104
1.29387 0.36169 0.36169
1.29423 0.362275 0.362275
1.29459 0.362861 0.362861
1.29495 0.363446 0.363446
1.2953 0.364032 0.364032
1.29566 0.364617 0.364617
1.29602 0.365202 0.365202
1.29637 0.365787 0.365787
1.29672 0.366371 0.366371
1.29708 0.366956 0.366956
1.29743 0.36754 0.36754
1.29779 0.368125 0.368125
1.29814 0.368709 0.368709
1.29849 0.369293 0.369293
1.29884 0.369877 0.369877
1.29919 0.37046 0.37046
1.29954 0.371044 0.371044
1.29989 0.371627 0.371627
1.30024 0.37221 0.37221
1.30059 0.372793 0.372793
1.30094 0.373376 0.373376
1.30129 0.373959 0.373959
1.30163 0.374542 0.374542
1.30198 0.375124 0.375124
1.30233 0.375707 0.375707
1.30267 0.376289 0.376289
1.30302 0.376871 0.376871
1.30336 0.377453 0.377453
1.30371 0.378035 0.378035
1.30405 0.378616 0.378616
1.30439 0.379198 0.379198
1.30474 0.379779 0.379779
1.30508 0.38036 0.38036
1.30542 0.380941 0.380941
1.30576 0.381522 0.381522
1.3061 0.382103 0.382103
1.30644 0.382683 0.382683
1.30678 0.383264 0.383264
1.30712 0.383844 0.383844
1.30746 0.384424 0.384424
1.3078 0.385004 0.385004
1.30814 0.385584 0.385584
1.30847 0.386164 0.386164
1.30881 0.386743 0.386743
1.30915 0.387323 0.387323
1.30948 0.387902 0.387902
1.30982 0.388481 0.388481
1.31015 0.38906 0.38906
1.31048 0.389638 0.389638
1.31082 0.390217 0.390217
1.31115 0.390795 0.390795
1.31148 0.391374 0.391374
1.31181 0.391952 0.391952
1.31215 0.39253 0.39253
1.31248 0.393108 0.393108
1.31281 0.393685 0.393685
1.31314 0.394263 0.394263
1.31347 0.39484 0.39484
1.31379 0.395417 0.395417
1.31412 0.395994 0.395994
1.31445 0.396571 0.396571
1.31478 0.397148 0.397148
1.3151 0.397724 0.397724
1.31543 0.398301 0.398301
1.31576 0.398877 0.398877
1.31608 0.399453 0.399453
1.31641 0.400029 0.400029
1.31673 0.400605 0.400605
1.31705 0.401181 0.401181
1.31738 0.401756 0.401756
1.3177 0.402331 0.402331
1.31802 0.402906 0.402906
1.31834 0.403481 0.403481
1.31866 0.404056 0.404056
1.31898 0.404631 0.404631
1.3193 0.405205 0.405205
1.31962 0.40578 0.40578
1.31994 0.406354 0.406354
1.32026 0.406928 0.406928
1.32058 0.407502 0.407502
1.3209 0.408076 0.408076
1.32121 0.408649 0.408649
1.32153 0.409222 0.409222
1.32184 0.409796 0.409796
1.32216 0.410369 0.410369
1.32247 0.410942 0.410942
1.32279 0.411514 0.411514
1.3231 0.412087 0.412087
1.32342 0.412659 0.412659
1.32373 0.413232 0.413232
1.32404 0.413804 0.413804
1.32435 0.414376 0.414376
1.32466 0.414947 0.414947
1.32497 0.415519 0.415519
1.32528 0.41609 0.41609
1.32559 0.416662 0.416662
1.3259 0.417233 0.417233
1.32621 0.417804 0.417804
1.32652 0.418374 0.418374
1.32683 0.418945 0.418945
1.32713 0.419515 0.419515
1.32744 0.420086 0.420086
1.32774 0.420656 0.420656
1.32805 0.421226 0.421226
1.32835 0.421796 0.421796
1.32866 0.422365 0.422365
1.32896 0.422935 0.422935
1.32927 0.423504 0.423504
1.32957 0.424073 0.424073
1.32987 0.424642 0.424642
1.33017 0.425211 0.425211
1.33047 0.425779 0.425779
1.33077 0.426348 0.426348
1.33107 0.426916 0.426916
1.33137 0.427484 0.427484
1.33167 0.428052 0.428052
1.33197 0.42862 0.42862
1.33227 0.429187 0.429187
1.33257 0.429755 0.429755
1.33286 0.430322 0.430322
1.33316 0.430889 0.430889
1.33345 0.431456 0.431456
1.33375 0.432023 0.432023
1.33404 0.432589 0.432589
1.33434 0.433156 0.433156
1.33463 0.433722 0.433722
1.33493 0.434288 0.434288
1.33522 0.434854 0.434854
1.33551 0.43542 0.43542
1.3358 0.435985 0.435985
1.33609 0.436551 0.436551
1.33638 0.437116 0.437116
1.33667 0.437681 0.437681
1.33696 0.438246 0.438246
1.33725 0.43881 0.43881
1.33754 0.439375 0.439375
1.33783 0.439939 0.439939
1.33812 0.440503 0.440503
1.3384 0.441067 0.441067
1.33869 0.441631 0.441631
1.33897 0.442195 0.442195
1.33926 0.442758 0.442758
1.33954 0.443322 0.443322
1.33983 0.443885 0.443885
1.34011 0.444448 0.444448
1.3404 0.44501 0.44501
1.34068 0.445573 0.445573
1.34096 0.446135 0.446135
1.34124 0.446698 0.446698
1.34152 0.44726 0.44726
1.3418 0.447822 0.447822
1.34208 0.448383 0.448383
1.34236 0.448945 0.448945
1.34264 0.449506 0.449506
1.34292 0.450067 0.450067
1.3432 0.450628 0.450628
1.34348 0.451189 0.451189
1.34375 0.45175 0.45175
1.34403 0.45231 0.45231
1.3443 0.45287 0.45287
1.34458 0.453431 0.453431
1.34485 0.453991 0.453991
1.34513 0.45455 0.45455
1.3454 0.45511 0.45511
1.34568 0.455669 0.455669
1.34595 0.456228 0.456228
1.34622 0.456787 0.456787
1.34649 0.457346 0.457346
1.34676 0.457905 0.457905
1.34703 0.458463 0.458463
1.3473 0.459022 0.459022
1.34757 0.45958 0.45958
1.34784 0.460138 0.460138
1.34811 0.460696 0.460696
1.34838 0.461253 0.461253
1.34864 0.461811 0.461811
1.34891 0.462368 0.462368
1.34918 0.462925 0.462925
1.34944 0.463482 0.463482
1.34971 0.464038 0.464038
1.34997 0.464595 0.464595
1.35024 0.465151 0.465151
1.3505 0.465707 0.465707
1.35076 0.466263 0.466263
1.35103 0.466819 0.466819
1.35129 0.467374 0.467374
1.35155 0.46793 0.46793
1.35181 0.468485 0.468485
1.35207 0.46904 0.46904
1.35233 0.469595 0.469595
1.35259 0.47015 0.47015
1.35285 0.470704 0.470704
1.35311 0.471258 0.471258
1.35336 0.471812 0.471812
1.35362 0.472366 0.472366
1.35388 0.47292 0.47292
1.35413 0.473473 0.473473
1.35439 0.474027 0.474027
1.35464 0.47458 0.47458
1.3549 0.475133 0.475133
1.35515 0.475686 0.475686
1.3554 0.476238 0.476238
1.35566 0.476791 0.476791
1.35591 0.477343 0.477343
1.35616 0.477895 0.477895
1.35641 0.478447 0.478447
1.35666 0.478998 0.478998
1.35691 0.47955 0.47955
1.35716 0.480101 0.480101
1.35741 0.480652 0.480652
1.35766 0.481203 0.481203
1.35791 0.481754 0.481754
1.35816 0.482304 0.482304
1.3584 0.482855 0.482855
1.35865 0.483405 0.483405
1.3589 0.483955 0.483955
1.35914 0.484504 0.484504
1.35939 0.485054 0.485054
1.35963 0.485603 0.485603
1.35987 0.486152 0.486152
1.36012 0.486701 0.486701
1.36036 0.48725 0.48725
1.3606 0.487799 0.487799
1.36084 0.488347 0.488347
1.36108 0.488895 0.488895
1.36132 0.489443 0.489443
1.36156 0.489991 0.489991
1.3618 0.490539 0.490539
1.36204 0.491086 0.491086
1.36228 0.491633 0.491633
1.36252 0.492181 0.492181
1.36276 0.492727 0.492727
1.36299 0.493274 0.493274
1.36323 0.49382 0.49382
1.36346 0.494367 0.494367
1.3637 0.494913 0.494913
1.36393 0.495459 0.495459
1.36417 0.496004 0.496004
1.3644 0.49655 0.49655
1.36464 0.497095 0.497095
1.36487 0.49764 0.49764
1.3651 0.498185 0.498185
1.36533 0.49873 0.49873
1.36556 0.499274 0.499274
1.36579 0.499819 0.499819
1.36602 0.500363 0.500363
1.36625 0.500907 0.500907
1.36648 0.50145 0.50145
1.36671 0.501994 0.501994
1.36693 0.502537 0.502537
1.36716 0.50308 0.50308
1.36739 0.503623 0.503623
1.36761 0.504166 0.504166
1.36784 0.504708 0.504708
1.36806 0.505251 0.505251
1.36829 0.505793 0.505793
1.36851 0.506335 0.506335
1.36874 0.506877 0.506877
1.36896 0.507418 0.507418
1.36918 0.507959 0.507959
1.3694 0.508501 0.508501
1.36962 0.509041 0.509041
1.36984 0.509582 0.509582
1.37006 0.510123 0.510123
1.37028 0.510663 0.510663
1.3705 0.511203 0.511203
1.37072 0.511743 0.511743
1.37094 0.512283 0.512283
1.37116 0.512822 0.512822
1.37137 0.513362 0.513362
1.37159 0.513901 0.513901
1.3718 0.51444 0.51444
1.37202 0.514978 0.514978
1.37223 0.515517 0.515517
1.37245 0.516055 0.516055
1.37266 0.516593 0.516593
1.37287 0.517131 0.517131
1.37309 0.517669 0.517669
1.3733 0.518206 0.518206
1.37351 0.518743 0.518743
1.37372 0.519281 0.519281
1.37393 0.519817 0.519817
1.37414 0.520354 0.520354
1.37435 0.52089 0.52089
1.37456 0.521427 0.521427
1.37477 0.521963 0.521963
1.37497 0.522499 0.522499
1.37518 0.523034 0.523034
1.37539 0.52357 0.52357
1.37559 0.524105 0.524105
1.3758 0.52464 0.52464
1.376 0.525175 0.525175
1.37621 0.525709 0.525709
1.37641 0.526244 0.526244
1.37662 0.526778 0.526778
1.37682 0.527312 0.527312
1.37702 0.527846 0.527846
1.37722 0.528379 0.528379
1.37742 0.528912 0.528912
1.37762 0.529446 0.529446
1.37782 0.529979 0.529979
1.37802 0.530511 0.530511
1.37822 0.531044 0.531044
1.37842 0.531576 0.531576
1.37862 0.532108 0.532108
1.37881 0.53264 0.53264
1.37901 0.533172 0.533172
1.37921 0.533703 0.533703
1.3794 0.534234 0.534234
1.3796 0.534765 0.534765
1.37979 0.535296 0.535296
1.37999 0.535827 0.535827
1.38018 0.536357 0.536357
1.38037 0.536887 0.536887
1.38056 0.537417 0.537417
1.38076 0.537947 0.537947
1.38095 0.538477 0.538477
1.38114 0.539006 0.539006
1.38133 0.539535 0.539535
1.38152 0.540064 0.540064
1.38171 0.540593 0.540593
1.3819 0.541121 0.541121
1.38208 0.54165 0.54165
1.38227 0.542178 0.542178
1.38246 0.542705 0.542705
1.38264 0.543233 0.543233
1.38283 0.543761 0.543761
1.38302 0.544288 0.544288
1.3832 0.544815 0.544815
1.38338 0.545341 0.545341
1.38357 0.545868 0.545868
1.38375 0.546394 0.546394
1.38393 0.546921 0.546921
1.38412 0.547446 0.547446
1.3843 0.547972 0.547972
1.38448 0.548498 0.548498
1.38466 0.549023 0.549023
1.38484 0.549548 0.549548
1.38502 0.550073 0.550073
1.3852 0.550597 0.550597
1.38537 0.551122 0.551122
1.38555 0.551646 0.551646
1.38573 0.55217 0.55217
1.3859 0.552694 0.552694
1.38608 0.553217 0.553217
1.38626 0.55374 0.55374
1.38643 0.554264 0.554264
1.3866 0.554786 0.554786
1.38678 0.555309 0.555309
1.38695 0.555831 0.555831
1.38712 0.556354 0.556354
1.3873 0.556876 0.556876
1.38747 0.557397 0.557397
1.38764 0.557919 0.557919
1.38781 0.55844 0.55844
1.38798 0.558961 0.558961
1.38815 0.559482 0.559482
1.38832 0.560003 0.560003
1.38849 0.560523 0.560523
1.38865 0.561044 0.561044
1.38882 0.561564 0.561564
1.38899 0.562083 0.562083
1.38915 0.562603 0.562603
1.38932 0.563122 0.563122
1.38948 0.563641 0.563641
1.38965 0.56416 0.56416
1.38981 0.564679 0.564679
1.38998 0.565197 0.565197
1.39014 0.565716 0.565716
1.3903 0.566234 0.566234
1.39046 0.566751 0.566751
1.39062 0.567269 0.567269
1.39078 0.567786 0.567786
1.39094 0.568303 0.568303
1.3911 0.56882 0.56882
1.39126 0.569337 0.569337
1.39142 0.569853 0.569853
1.39158 0.57037 0.57037
1.39174 0.570886 0.570886
1.39189 0.571401 0.571401
1.39205 0.571917 0.571917
1.3922 0.572432 0.572432
1.39236 0.572947 0.572947
1.39251 0.573462 0.573462
1.39267 0.573977 0.573977
1.39282 0.574491 0.574491
1.39297 0.575005 0.575005
1.39313 0.575519 0.575519
1.39328 0.576033 0.576033
1.39343 0.576546 0.576546
1.39358 0.57706 0.57706
1.39373 0.577573 0.577573
1.39388 0.578086 0.578086
1.39403 0.578598 0.578598
1.39418 0.57911 0.57911
1.39433 0.579623 0.579623
1.39447 0.580134 0.580134
1.39462 0.580646 0.580646
1.39477 0.581158 0.581158
1.39491 0.581669 0.581669
1.39506 0.58218 0.58218
1.3952 0.582691 0.582691
1.39535 0.583201 0.583201
1.39549 0.583711 0.583711
1.39563 0.584221 0.584221
1.39577 0.584731 0.584731
1.39592 0.585241 0.585241
1.39606 0.58575 0.58575
1.3962 0.586259 0.586259
1.39634 0.586768 0.586768
1.39648 0.587277 0.587277
1.39662 0.587785 0.587785
1.39676 0.588293 0.588293
1.39689 0.588801 0.588801
1.39703 0.589309 0.589309
1.39717 0.589817 0.589817
1.3973 0.590324 0.590324
1.39744 0.590831 0.590831
1.39758 0.591338 0.591338
1.39771 0.591844 0.591844
1.39784 0.592351 0.592351
1.39798 0.592857 0.592857
1.39811 0.593363 0.593363
1.39824 0.593868 0.593868
1.39838 0.594374 0.594374
1.39851 0.594879 0.594879
1.39864 0.595384 0.595384
1.39877 0.595889 0.595889
1.3989 0.596393 0.596393
1.39903 0.596897 0.596897
1.39916 0.597401 0.597401
1.39928 0.597905 0.597905
1.39941 0.598409 0.598409
1.39954 0.598912 0.598912
1.39967 0.599415 0.599415
1.39979 0.599918 0.599918
1.39992 0.60042 0.60042
1.40004 0.600923 0.600923
1.40017 0.601425 0.601425
1.40029 0.601927 0.601927
1.40041 0.602428 0.602428
1.40053 0.60293 0.60293
1.40066 0.603431 0.603431
1.40078 0.603932 0.603932
1.4009 0.604432 0.604432
1.40102 0.604933 0.604933
1.40114 0.605433 0.605433
1.40126 0.605933 0.605933
1.40138 0.606433 0.606433
1.4015 0.606932 0.606932
1.40161 0.607431 0.607431
1.40173 0.60793 0.60793
1.40185 0.608429 0.608429
1.40196 0.608928 0.608928
1.40208 0.609426 0.609426
1.40219 0.609924 0.609924
1.40231 0.610422 0.610422
1.40242 0.610919 0.610919
1.40253 0.611417 0.611417
1.40265 0.611914 0.611914
1.40276 0.612411 0.612411
1.40287 0.612907 0.612907
1.40298 0.613403 0.613403
1.40309 0.6139 0.6139
1.4032 0.614395 0.614395
1.40331 0.614891 0.614891
1.40342 0.615386 0.615386
1.40353 0.615882 0.615882
1.40363 0.616376 0.616376
1.40374 0.616871 0.616871
1.40385 0.617365 0.617365
1.40395 0.61786 0.61786
1.40406 0.618354 0.618354
1.40416 0.618847 0.618847
1.40427 0.619341 0.619341
1.40437 0.619834 0.619834
1.40448 0.620327 0.620327
1.40458 0.620819 0.620819
1.40468 0.621312 0.621312
1.40478 0.621804 0.621804
1.40488 0.622296 0.622296
1.40498 0.622788 0.622788
1.40508 0.623279 0.623279
1.40518 0.623771 0.623771
1.40528 0.624261 0.624261
1.40538 0.624752 0.624752
1.40548 0.625243 0.625243
1.40557 0.625733 0.625733
1.40567 0.626223 0.626223
1.40577 0.626713 0.626713
1.40586 0.627202 0.627202
1.40596 0.627691 0.627691
1.40605 0.62818 0.62818
1.40614 0.628669 0.628669
1.40624 0.629158 0.629158
1.40633 0.629646 0.629646
1.40642 0.630134 0.630134
1.40651 0.630622 0.630622
1.4066 0.631109 0.631109
1.4067 0.631596 0.631596
1.40679 0.632083 0.632083
1.40687 0.63257 0.63257
1.40696 0.633057 0.633057
1.40705 0.633543 0.633543
1.40714 0.634029 0.634029
1.40723 0.634515 0.634515
1.40731 0.635 0.635
1.4074 0.635486 0.635486
1.40748 0.635971 0.635971
1.40757 0.636455 0.636455
1.40765 0.63694 0.63694
1.40774 0.637424 0.637424
1.40782 0.637908 0.637908
1.4079 0.638392 0.638392
1.40798 0.638875 0.638875
1.40807 0.639359 0.639359
1.40815 0.639842 0.639842
1.40823 0.640324 0.640324
1.40831 0.640807 0.640807
1.40839 0.641289 0.641289
1.40847 0.641771 0.641771
1.40854 0.642253 0.642253
1.40862 0.642734 0.642734
1.4087 0.643215 0.643215
1.40878 0.643696 0.643696
1.40885 0.644177 0.644177
1.40893 0.644658 0.644658
1.409 0.645138 0.645138
1.40908 0.645618 0.645618
1.40915 0.646097 0.646097
1.40922 0.646577 0.646577
1.4093 0.647056 0.647056
1.40937 0.647535 0.647535
1.40944 0.648014 0.648014
1.40951 0.648492 0.648492
1.40958 0.64897 0.64897
1.40965 0.649448 0.649448
1.40972 0.649926 0.649926
1.40979 0.650403 0.650403
1.40986 0.65088 0.65088
1.40992 0.651357 0.651357
1.40999 0.651834 0.651834
1.41006 0.65231 0.65231
1.41012 0.652786 0.652786
1.41019 0.653262 0.653262
1.41025 0.653738 0.653738
1.41032 0.654213 0.654213
1.41038 0.654688 0.654688
1.41044 0.655163 0.655163
1.41051 0.655637 0.655637
1.41057 0.656112 0.656112
1.41063 0.656586 0.656586
1.41069 0.65706 0.65706
1.41075 0.657533 0.657533
1.41081 0.658006 0.658006
1.41087 0.658479 0.658479
1.41093 0.658952 0.658952
1.41099 0.659425 0.659425
1.41105 0.659897 0.659897
1.4111 0.660369 0.660369
1.41116 0.66084 0.66084
1.41122 0.661312 0.661312
1.41127 0.661783 0.661783
1.41133 0.662254 0.662254
1.41138 0.662725 0.662725
1.41143 0.663195 0.663195
1.41149 0.663665 0.663665
1.41154 0.664135 0.664135
1.41159 0.664605 0.664605
1.41164 0.665074 0.665074
1.41169 0.665543 0.665543
1.41174 0.666012 0.666012
1.41179 0.66648 0.66648
1.41184 0.666949 0.666949
1.41189 0.667417 0.667417
1.41194 0.667885 0.667885
1.41199 0.668352 0.668352
1.41203 0.668819 0.668819
1.41208 0.669286 0.669286
1.41213 0.669753 0.669753
1.41217 0.670219 0.670219
1.41222 0.670686 0.670686
1.41226 0.671152 0.671152
1.4123 0.671617 0.671617
1.41235 0.672083 0.672083
1.41239 0.672548 0.672548
1.41243 0.673013 0.673013
1.41247 0.673477 0.673477
1.41251 0.673941 0.673941
1.41255 0.674406 0.674406
1.41259 0.674869 0.674869
1.41263 0.675333 0.675333
1.41267 0.675796 0.675796
1.41271 0.676259 0.676259
1.41275 0.676722 0.676722
1.41279 0.677184 0.677184
1.41282 0.677646 0.677646
1.41286 0.678108 0.678108
1.41289 0.67857 0.67857
1.41293 0.679031 0.679031
1.41296 0.679493 0.679493
1.413 0.679953 0.679953
1.41303 0.680414 0.680414
1.41306 0.680874 0.680874
1.41309 0.681334 0.681334
1.41312 0.681794 0.681794
1.41315 0.682254 0.682254
1.41319 0.682713 0.682713
1.41321 0.683172 0.683172
1.41324 0.683631 0.683631
1.41327 0.684089 0.684089
1.4133 0.684547 0.684547
1.41333 0.685005 0.685005
1.41336 0.685463 0.685463
1.41338 0.68592 0.68592
1.41341 0.686377 0.686377
1.41343 0.686834 0.686834
1.41346 0.68729 0.68729
1.41348 0.687747 0.687747
1.4135 0.688203 0.688203
1.41353 0.688658 0.688658
1.41355 0.689114 0.689114
1.41357 0.689569 0.689569
1.41359 0.690024 0.690024
1.41361 0.690479 0.690479
1.41363 0.690933 0.690933
1.41365 0.691387 0.691387
1.41367 0.691841 0.691841
1.41369 0.692294 0.692294
1.41371 0.692748 0.692748
1.41373 0.693201 0.693201
1.41374 0.693653 0.693653
1.41376 0.694106 0.694106
1.41378 0.694558 0.694558
1.41379 0.69501 0.69501
1.41381 0.695461 0.695461
1.41382 0.695913 0.695913
1.41383 0.696364 0.696364
1.41385 0.696815 0.696815
1.41386 0.697265 0.697265
1.41387 0.697715 0.697715
1.41388 0.698165 0.698165
1.41389 0.698615 0.698615
1.4139 0.699065 0.699065
1.41391 0.699514 0.699514
1.41392 0.699963 0.699963
1.41393 0.700411 0.700411
1.41394 0.70086 0.70086
1.41395 0.701308 0.701308
1.41395 0.701755 0.701755
1.41396 0.702203 0.702203
1.41396 0.70265 0.70265
1.41397 0.703097 0.703097
1.41397 0.703544 0.703544
1.41398 0.70399 0.70399
1.41398 0.704436 0.704436
1.41399 0.704882 0.704882
1.41399 0.705327 0.705327
1.41399 0.705773 0.705773
1.41399 0.706218 0.706218
1.41399 0.706662 0.706662
1.41399 0.707107 0.707107
1.41399 0.707551 0.707551
1.41399 0.707995 0.707995
1.41399 0.708438 0.708438
1.41399 0.708882 0.708882
1.41398 0.709325 0.709325
1.41398 0.709768 0.709768
1.41398 0.71021 0.71021
1.41397 0.710652 0.710652
1.41397 0.711094 0.711094
1.41396 0.711536 0.711536
1.41396 0.711977 0.711977
1.41395 0.712418 0.712418
1.41394 0.712859 0.712859
1.41393 0.713299 0.713299
1.41393 0.71374 0.71374
1.41392 0.71418 0.71418
1.41391 0.714619 0.714619
1.4139 0.715059 0.715059
1.41389 0.715498 0.715498
1.41388 0.715937 0.715937
1.41387 0.716375 0.716375
1.41385 0.716813 0.716813
1.41384 0.717251 0.717251
1.41383 0.717689 0.717689
1.41381 0.718126 0.718126
1.4138 0.718563 0.718563
1.41378 0.719 0.719
1.41377 0.719437 0.719437
1.41375 0.719873 0.719873
1.41374 0.720309 0.720309
1.41372 0.720745 0.720745
1.4137 0.72118 0.72118
1.41368 0.721615 0.721615
1.41366 0.72205 0.72205
1.41364 0.722485 0.722485
1.41362 0.722919 0.722919
1.4136 0.723353 0.723353
1.41358 0.723787 0.723787
1.41356 0.72422 0.72422
1.41354 0.724653 0.724653
1.41352 0.725086 0.725086
1.41349 0.725519 0.725519
1.41347 0.725951 0.725951
1.41344 0.726383 0.726383
1.41342 0.726815 0.726815
1.41339 0.727246 0.727246
1.41337 0.727677 0.727677
1.41334 0.728108 0.728108
1.41331 0.728538 0.728538
1.41329 0.728969 0.728969
1.41326 0.729399 0.729399
1.41323 0.729828 0.729828
1.4132 0.730258 0.730258
1.41317 0.730687 0.730687
1.41314 0.731116 0.731116
1.41311 0.731544 0.731544
1.41308 0.731972 0.731972
1.41304 0.7324 0.7324
1.41301 0.732828 0.732828
1.41298 0.733255 0.733255
1.41294 0.733682 0.733682
1.41291 0.734109 0.734109
1.41288 0.734536 0.734536
1.41284 0.734962 0.734962
1.4128 0.735388 0.735388
1.41277 0.735814 0.735814
1.41273 0.736239 0.736239
1.41269 0.736664 0.736664
1.41265 0.737089 0.737089
1.41261 0.737513 0.737513
1.41257 0.737937 0.737937
1.41253 0.738361 0.738361
1.41249 0.738785 0.738785
1.41245 0.739208 0.739208
1.41241 0.739631 0.739631
1.41237 0.740054 0.740054
1.41233 0.740476 0.740476
1.41228 0.740898 0.740898
1.41224 0.74132 0.74132
1.41219 0.741742 0.741742
1.41215 0.742163 0.742163
1.4121 0.742584 0.742584
1.41206 0.743005 0.743005
1.41201 0.743425 0.743425
1.41196 0.743845 0.743845
1.41192 0.744265 0.744265
1.41187 0.744684 0.744684
1.41182 0.745104 0.745104
1.41177 0.745523 0.745523
1.41172 0.745941 0.745941
1.41167 0.74636 0.74636
1.41162 0.746778 0.746778
1.41157 0.747195 0.747195
1.41151 0.747613 0.747613
1.41146 0.74803 0.74803
1.41141 0.748447 0.748447
1.41135 0.748863 0.748863
1.4113 0.749279 0.749279
1.41124 0.749695 0.749695
1.41119 0.750111 0.750111
1.41113 0.750526 0.750526
1.41107 0.750942 0.750942
1.41102 0.751356 0.751356
1.41096 0.751771 0.751771
1.4109 0.752185 0.752185
1.41084 0.752599 0.752599
1.41078 0.753012 0.753012
1.41072 0.753426 0.753426
1.41066 0.753839 0.753839
1.4106 0.754251 0.754251
1.41054 0.754664 0.754664
1.41048 0.755076 0.755076
1.41041 0.755488 0.755488
1.41035 0.755899 0.755899
1.41029 0.75631 0.75631
1.41022 0.756721 0.756721
1.41016 0.757132 0.757132
1.41009 0.757542 0.757542
1.41002 0.757952 0.757952
1.40996 0.758362 0.758362
1.40989 0.758771 0.758771
1.40982 0.75918 0.75918
1.40975 0.759589 0.759589
1.40968 0.759998 0.759998
1.40962 0.760406 0.760406
1.40955 0.760814 0.760814
1.40947 0.761222 0.761222
1.4094 0.761629 0.761629
1.40933 0.762036 0.762036
1.40926 0.762443 0.762443
1.40919 0.762849 0.762849
1.40911 0.763255 0.763255
1.40904 0.763661 0.763661
1.40896 0.764066 0.764066
1.40889 0.764472 0.764472
1.40881 0.764876 0.764876
1.40874 0.765281 0.765281
1.40866 0.765685 0.765685
1.40858 0.766089 0.766089
1.4085 0.766493 0.766493
1.40843 0.766896 0.766896
1.40835 0.7673 0.7673
1.40827 0.767702 0.767702
1.40819 0.768105 0.768105
1.40811 0.768507 0.768507
1.40803 0.768909 0.768909
1.40794 0.76931 0.76931
1.40786 0.769712 0.769712
1.40778 0.770113 0.770113
1.4077 0.770513 0.770513
1.40761 0.770914 0.770914
1.40753 0.771314 0.771314
1.40744 0.771713 0.771713
1.40736 0.772113 0.772113
1.40727 0.772512 0.772512
1.40718 0.772911 0.772911
1.4071 0.773309 0.773309
1.40701 0.773708 0.773708
1.40692 0.774105 0.774105
1.40683 0.774503 0.774503
1.40674 0.7749 0.7749
1.40665 0.775297 0.775297
1.40656 0.775694 0.775694
1.40647 0.77609 0.77609
1.40638 0.776487 0.776487
1.40628 0.776882 0.776882
1.40619 0.777278 0.777278
1.4061 0.777673 0.777673
1.406 0.778068 0.778068
1.40591 0.778462 0.778462
1.40581 0.778857 0.778857
1.40572 0.779251 0.779251
1.40562 0.779644 0.779644
1.40553 0.780037 0.780037
1.40543 0.78043 0.78043
1.40533 0.780823 0.780823
1.40523 0.781216 0.781216
1.40513 0.781608 0.781608
1.40503 0.781999 0.781999
1.40493 0.782391 0.782391
1.40483 0.782782 0.782782
1.40473 0.783173 0.783173
1.40463 0.783563 0.783563
1.40453 0.783954 0.783954
1.40442 0.784344 0.784344
1.40432 0.784733 0.784733
1.40422 0.785122 0.785122
1.40411 0.785511 0.785511
1.40401 0.7859 0.7859
1.4039 0.786288 0.786288
1.40379 0.786677 0.786677
1.40369 0.787064 0.787064
1.40358 0.787452 0.787452
1.40347 0.787839 0.787839
1.40336 0.788226 0.788226
1.40326 0.788612 0.788612
1.40315 0.788998 0.788998
1.40304 0.789384 0.789384
1.40293 0.78977 0.78977
1.40281 0.790155 0.790155
1.4027 0.79054 0.79054
1.40259 0.790925 0.790925
1.40248 0.791309 0.791309
1.40236 0.791693 0.791693
1.40225 0.792077 0.792077
1.40213 0.79246 0.79246
1.40202 0.792843 0.792843
1.4019 0.793226 0.793226
1.40179 0.793608 0.793608
1.40167 0.79399 0.79399
1.40155 0.794372 0.794372
1.40144 0.794754 0.794754
1.40132 0.795135 0.795135
1.4012 0.795516 0.795516
1.40108 0.795896 0.795896
1.40096 0.796277 0.796277
1.40084 0.796657 0.796657
1.40072 0.797036 0.797036
1.4006 0.797415 0.797415
1.40047 0.797794 0.797794
1.40035 0.798173 0.798173
1.40023 0.798552 0.798552
1.4001 0.79893 0.79893
1.39998 0.799307 0.799307
1.39985 0.799685 0.799685
1.39973 0.800062 0.800062
1.3996 0.800439 0.800439
1.39948 0.800815 0.800815
1.39935 0.801191 0.801191
1.39922 0.801567 0.801567
1.39909 0.801943 0.801943
1.39896 0.802318 0.802318
1.39883 0.802693 0.802693
1.3987 0.803067 0.803067
1.39857 0.803441 0.803441
1.39844 0.803815 0.803815
1.39831 0.804189 0.804189
1.39818 0.804562 0.804562
1.39805 0.804935 0.804935
1.39791 0.805308 0.805308
1.39778 0.80568 0.80568
1.39764 0.806052 0.806052
1.39751 0.806424 0.806424
1.39737 0.806795 0.806795
1.39724 0.807166 0.807166
1.3971 0.807537 0.807537
1.39696 0.807908 0.807908
1.39683 0.808278 0.808278
1.39669 0.808648 0.808648
1.39655 0.809017 0.809017
1.39641 0.809386 0.809386
1.39627 0.809755 0.809755
1.39613 0.810124 0.810124
1.39599 0.810492 0.810492
1.39585 0.81086 0.81086
1.3957 0.811227 0.811227
1.39556 0.811594 0.811594
1.39542 0.811961 0.811961
1.39527 0.812328 0.812328
1.39513 0.812694 0.812694
1.39498 0.81306 0.81306
1.39484 0.813426 0.813426
1.39469 0.813791 0.813791
1.39455 0.814156 0.814156
1.3944 0.814521 0.814521
1.39425 0.814885 0.814885
1.3941 0.815249 0.815249
1.39395 0.815613 0.815613
1.39381 0.815976 0.815976
1.39366 0.816339 0.816339
1.39351 0.816702 0.816702
1.39335 0.817064 0.817064
1.3932 0.817427 0.817427
1.39305 0.817788 0.817788
1.3929 0.81815 0.81815
1.39274 0.818511 0.818511
1.39259 0.818872 0.818872
1.39244 0.819232 0.819232
1.39228 0.819592 0.819592
1.39213 0.819952 0.819952
1.39197 0.820312 0.820312
1.39181 0.820671 0.820671
1.39166 0.82103 0.82103
1.3915 0.821388 0.821388
1.39134 0.821746 0.821746
1.39118 0.822104 0.822104
1.39102 0.822462 0.822462
1.39086 0.822819 0.822819
1.3907 0.823176 0.823176
1.39054 0.823533 0.823533
1.39038 0.823889 0.823889
1.39022 0.824245 0.824245
1.39006 0.8246 0.8246
1.38989 0.824956 0.824956
1.38973 0.825311 0.825311
1.38957 0.825665 0.825665
1.3894 0.82602 0.82602
1.38924 0.826374 0.826374
1.38907 0.826727 0.826727
1.3889 0.827081 0.827081
1.38874 0.827434 0.827434
1.38857 0.827786 0.827786
1.3884 0.828139 0.828139
1.38823 0.828491 0.828491
1.38806 0.828842 0.828842
1.38789 0.829194 0.829194
1.38772 0.829545 0.829545
1.38755 0.829896 0.829896
1.38738 0.830246 0.830246
1.38721 0.830596 0.830596
1.38704 0.830946 0.830946
1.38687 0.831295 0.831295
1.38669 0.831644 0.831644
1.38652 0.831993 0.831993
1.38634 0.832341 0.832341
1.38617 0.832689 0.832689
1.38599 0.833037 0.833037
1.38582 0.833385 0.833385
1.38564 0.833732 0.833732
1.38546 0.834078 0.834078
1.38528 0.834425 0.834425
1.38511 0.834771 0.834771
1.38493 0.835117 0.835117
1.38475 0.835462 0.835462
1.38457 0.835807 0.835807
1.38439 0.836152 0.836152
1.38421 0.836497 0.836497
1.38402 0.836841 0.836841
1.38384 0.837185 0.837185
1.38366 0.837528 0.837528
1.38348 0.837871 0.837871
1.38329 0.838214 0.838214
1.38311 0.838557 0.838557
1.38292 0.838899 0.838899
1.38274 0.839241 0.839241
1.38255 0.839582 0.839582
1.38236 0.839923 0.839923
1.38218 0.840264 0.840264
1.38199 0.840604 0.840604
1.3818 0.840945 0.840945
1.38161 0.841284 0.841284
1.38142 0.841624 0.841624
1.38123 0.841963 0.841963
1.38104 0.842302 0.842302
1.38085 0.84264 0.84264
1.38066 0.842979 0.842979
1.38047 0.843316 0.843316
1.38028 0.843654 0.843654
1.38008 0.843991 0.843991
1.37989 0.844328 0.844328
1.3797 0.844664 0.844664
1.3795 0.845001 0.845001
1.37931 0.845336 0.845336
1.37911 0.845672 0.845672
1.37891 0.846007 0.846007
1.37872 0.846342 0.846342
1.37852 0.846676 0.846676
1.37832 0.847011 0.847011
1.37812 0.847344 0.847344
1.37792 0.847678 0.847678
1.37772 0.848011 0.848011
1.37752 0.848344 0.848344
1.37732 0.848676 0.848676
1.37712 0.849009 0.849009
1.37692 0.84934 0.84934
1.37672 0.849672 0.849672
1.37651 0.850003 0.850003
1.37631 0.850334 0.850334
1.37611 0.850664 0.850664
1.3759 0.850995 0.850995
1.3757 0.851324 0.851324
1.37549 0.851654 0.851654
1.37528 0.851983 0.851983
1.37508 0.852312 0.852312
1.37487 0.85264 0.85264
1.37466 0.852968 0.852968
1.37445 0.853296 0.853296
1.37425 0.853624 0.853624
1.37404 0.853951 0.853951
1.37383 0.854277 0.854277
1.37362 0.854604 0.854604
1.3734 0.85493 0.85493
1.37319 0.855256 0.855256
1.37298 0.855581 0.855581
1.37277 0.855906 0.855906
1.37256 0.856231 0.856231
1.37234 0.856555 0.856555
1.37213 0.85688 0.85688
1.37191 0.857203 0.857203
1.3717 0.857527 0.857527
1.37148 0.85785 0.85785
1.37126 0.858172 0.858172
1.37105 0.858495 0.858495
1.37083 0.858817 0.858817
1.37061 0.859139 0.859139
1.37039 0.85946 0.85946
1.37017 0.859781 0.859781
1.36995 0.860102 0.860102
1.36973 0.860422 0.860422
1.36951 0.860742 0.860742
1.36929 0.861062 0.861062
1.36907 0.861381 0.861381
1.36885 0.8617 0.8617
1.36862 0.862019 0.862019
1.3684 0.862337 0.862337
1.36818 0.862655 0.862655
1.36795 0.862973 0.862973
1.36773 0.86329 0.86329
1.3675 0.863607 0.863607
1.36728 0.863923 0.863923
1.36705 0.86424 0.86424
1.36682 0.864556 0.864556
1.36659 0.864871 0.864871
1.36636 0.865186 0.865186
1.36614 0.865501 0.865501
1.36591 0.865816 0.865816
1.36568 0.86613 0.86613
1.36545 0.866444 0.866444
1.36522 0.866758 0.866758
1.36498 0.867071 0.867071
1.36475 0.867384 0.867384
1.36452 0.867696 0.867696
1.36429 0.868008 0.868008
1.36405 0.86832 0.86832
1.36382 0.868632 0.868632
1.36358 0.868943 0.868943
1.36335 0.869253 0.869253
1.36311 0.869564 0.869564
1.36287 0.869874 0.869874
1.36264 0.870184 0.870184
1.3624 0.870493 0.870493
1.36216 0.870802 0.870802
1.36192 0.871111 0.871111
1.36168 0.871419 0.871419
1.36144 0.871727 0.871727
1.3612 0.872035 0.872035
1.36096 0.872343 0.872343
1.36072 0.87265 0.87265
1.36048 0.872956 0.872956
1.36024 0.873263 0.873263
1.36 0.873568 0.873568
1.35975 0.873874 0.873874
1.35951 0.874179 0.874179
1.35926 0.874484 0.874484
1.35902 0.874789 0.874789
1.35877 0.875093 0.875093
1.35853 0.875397 0.875397
1.35828 0.875701 0.875701
1.35803 0.876004 0.876004
1.35779 0.876307 0.876307
1.35754 0.876609 0.876609
1.35729 0.876911 0.876911
1.35704 0.877213 0.877213
1.35679 0.877515 0.877515
1.35654 0.877816 0.877816
1.35629 0.878117 0.878117
1.35604 0.878417 0.878417
1.35578 0.878717 0.878717
1.35553 0.879017 0.879017
1.35528 0.879316 0.879316
1.35502 0.879615 0.879615
1.35477 0.879914 0.879914
1.35452 0.880212 0.880212
1.35426 0.880511 0.880511
1.354 0.880808 0.880808
1.35375 0.881105 0.881105
1.35349 0.881402 0.881402
1.35323 0.881699 0.881699
1.35298 0.881995 0.881995
1.35272 0.882291 0.882291
1.35246 0.882587 0.882587
1.3522 0.882882 0.882882
1.35194 0.883177 0.883177
1.35168 0.883471 0.883471
1.35142 0.883766 0.883766
1.35116 0.88406 0.88406
1.35089 0.884353 0.884353
1.35063 0.884646 0.884646
1.35037 0.884939 0.884939
1.3501 0.885231 0.885231
1.34984 0.885523 0.885523
1.34958 0.885815 0.885815
1.34931 0.886107 0.886107
1.34904 0.886398 0.886398
1.34878 0.886688 0.886688
1.34851 0.886979 0.886979
1.34824 0.887269 0.887269
1.34797 0.887558 0.887558
1.34771 0.887848 0.887848
1.34744 0.888137 0.888137
1.34717 0.888425 0.888425
1.3469 0.888713 0.888713
1.34663 0.889001 0.889001
1.34636 0.889289 0.889289
1.34608 0.889576 0.889576
1.34581 0.889863 0.889863
1.34554 0.890149 0.890149
1.34527 0.890435 0.890435
1.34499 0.890721 0.890721
1.34472 0.891007 0.891007
1.34444 0.891292 0.891292
1.34417 0.891576 0.891576
1.34389 0.891861 0.891861
1.34361 0.892145 0.892145
1.34334 0.892428 0.892428
1.34306 0.892712 0.892712
1.34278 0.892995 0.892995
1.3425 0.893277 0.893277
1.34222 0.89356 0.89356
1.34194 0.893841 0.893841
1.34166 0.894123 0.894123
1.34138 0.894404 0.894404
1.3411 0.894685 0.894685
1.34082 0.894966 0.894966
1.34054 0.895246 0.895246
1.34025 0.895525 0.895525
1.33997 0.895805 0.895805
1.33969 0.896084 0.896084
1.3394 0.896363 0.896363
1.33912 0.896641 0.896641
1.33883 0.896919 0.896919
1.33855 0.897197 0.897197
1.33826 0.897474 0.897474
1.33797 0.897751 0.897751
1.33768 0.898028 0.898028
1.3374 0.898304 0.898304
1.33711 0.89858 0.89858
1.33682 0.898855 0.898855
1.33653 0.89913 0.89913
1.33624 0.899405 0.899405
1.33595 0.89968 0.89968
1.33566 0.899954 0.899954
1.33536 0.900228 0.900228
1.33507 0.900501 0.900501
1.33478 0.900774 0.900774
1.33449 0.901047 0.901047
1.33419 0.901319 0.901319
1.3339 0.901591 0.901591
1.3336 0.901863 0.901863
1.33331 0.902134 0.902134
1.33301 0.902405 0.902405
1.33271 0.902675 0.902675
1.33242 0.902946 0.902946
1.33212 0.903216 0.903216
1.33182 0.903485 0.903485
1.33152 0.903754 0.903754
1.33122 0.904023 0.904023
1.33092 0.904291 0.904291
1.33062 0.904559 0.904559
1.33032 0.904827 0.904827
1.33002 0.905094 0.905094
1.32972 0.905361 0.905361
1.32942 0.905628 0.905628
1.32911 0.905894 0.905894
1.32881 0.90616 0.90616
1.32851 0.906426 0.906426
1.3282 0.906691 0.906691
1.3279 0.906956 0.906956
1.32759 0.90722 0.90722
1.32729 0.907484 0.907484
1.32698 0.907748 0.907748
1.32667 0.908012 0.908012
1.32636 0.908275 0.908275
1.32606 0.908537 0.908537
1.32575 0.9088 0.9088
1.32544 0.909062 0.909062
1.32513 0.909323 0.909323
1.32482 0.909585 0.909585
1.32451 0.909845 0.909845
1.3242 0.910106 0.910106
1.32388 0.910366 0.910366
1.32357 0.910626 0.910626
1.32326 0.910885 0.910885
1.32295 0.911145 0.911145
1.32263 0.911403 0.911403
1.32232 0.911662 0.911662
1.322 0.91192 0.91192
1.32169 0.912177 0.912177
1.32137 0.912435 0.912435
1.32105 0.912692 0.912692
1.32074 0.912948 0.912948
1.32042 0.913204 0.913204
1.3201 0.91346 0.91346
1.31978 0.913716 0.913716
1.31946 0.913971 0.913971
1.31914 0.914226 0.914226
1.31882 0.91448 0.91448
1.3185 0.914734 0.914734
1.31818 0.914988 0.914988
1.31786 0.915241 0.915241
1.31754 0.915494 0.915494
1.31722 0.915747 0.915747
1.31689 0.915999 0.915999
1.31657 0.916251 0.916251
1.31624 0.916502 0.916502
1.31592 0.916754 0.916754
1.31559 0.917004 0.917004
1.31527 0.917255 0.917255
1.31494 0.917505 0.917505
1.31461 0.917755 0.917755
1.31429 0.918004 0.918004
1.31396 0.918253 0.918253
1.31363 0.918502 0.918502
1.3133 0.91875 0.91875
1.31297 0.918998 0.918998
1.31264 0.919245 0.919245
1.31231 0.919493 0.919493
1.31198 0.919739 0.919739
1.31165 0.919986 0.919986
1.31132 0.920232 0.920232
1.31098 0.920478 0.920478
1.31065 0.920723 0.920723
1.31032 0.920968 0.920968
1.30998 0.921213 0.921213
1.30965 0.921457 0.921457
1.30931 0.921701 0.921701
1.30898 0.921944 0.921944
1.30864 0.922188 0.922188
1.3083 0.92243 0.92243
1.30797 0.922673 0.922673
1.30763 0.922915 0.922915
1.30729 0.923157 0.923157
1.30695 0.923398 0.923398
1.30661 0.923639 0.923639
1.30627 0.92388 0.92388
1.30593 0.92412 0.92412
1.30559 0.92436 0.92436
1.30525 0.924599 0.924599
1.30491 0.924838 0.924838
1.30457 0.925077 0.925077
1.30422 0.925316 0.925316
1.30388 0.925554 0.925554
1.30354 0.925791 0.925791
1.30319 0.926029 0.926029
1.30285 0.926266 0.926266
1.3025 0.926502 0.926502
1.30215 0.926739 0.926739
1.30181 0.926975 0.926975
1.30146 0.92721 0.92721
1.30111 0.927445 0.927445
1.30076 0.92768 0.92768
1.30042 0.927914 0.927914
1.30007 0.928148 0.928148
1.29972 0.928382 0.928382
1.29937 0.928615 0.928615
1.29902 0.928848 0.928848
1.29867 0.929081 0.929081
1.29831 0.929313 0.929313
1.29796 0.929545 0.929545
1.29761 0.929777 0.929777
1.29726 0.930008 0.930008
1.2969 0.930238 0.930238
1.29655 0.930469 0.930469
1.29619 0.930699 0.930699
1.29584 0.930928 0.930928
1.29548 0.931158 0.931158
1.29513 0.931387 0.931387
1.29477 0.931615 0.931615
1.29441 0.931843 0.931843
1.29405 0.932071 0.932071
1.2937 0.932299 0.932299
1.29334 0.932526 0.932526
1.29298 0.932752 0.932752
1.29262 0.932979 0.932979
1.29226 0.933205 0.933205
1.2919 0.93343 0.93343
1.29153 0.933656 0.933656
1.29117 0.93388 0.93388
1.29081 0.934105 0.934105
1.29045 0.934329 0.934329
1.29008 0.934553 0.934553
1.28972 0.934776 0.934776
1.28936 0.934999 0.934999
1.28899 0.935222 0.935222
1.28863 0.935444 0.935444
1.28826 0.935666 0.935666
1.28789 0.935888 0.935888
1.28753 0.936109 0.936109
1.28716 0.93633 0.93633
1.28679 0.93655 0.93655
1.28642 0.93677 0.93677
1.28605 0.93699 0.93699
1.28568 0.937209 0.937209
1.28531 0.937428 0.937428
1.28494 0.937647 0.937647
1.28457 0.937865 0.937865
1.2842 0.938083 0.938083
1.28383 0.9383 0.9383
1.28345 0.938517 0.938517
1.28308 0.938734 0.938734
1.28271 0.93895 0.93895
1.28233 0.939166 0.939166
1.28196 0.939382 0.939382
1.28158 0.939597 0.939597
1.28121 0.939812 0.939812
1.28083 0.940027 0.940027
1.28046 0.940241 0.940241
1.28008 0.940454 0.940454
1.2797 0.940668 0.940668
1.27932 0.940881 0.940881
1.27894 0.941093 0.941093
1.27857 0.941306 0.941306
1.27819 0.941518 0.941518
1.27781 0.941729 0.941729
1.27742 0.94194 0.94194
1.27704 0.942151 0.942151
1.27666 0.942362 0.942362
1.27628 0.942572 0.942572
1.2759 0.942781 0.942781
1.27551 0.942991 0.942991
1.27513 0.9432 0.9432
1.27475 0.943408 0.943408
1.27436 0.943616 0.943616
1.27398 0.943824 0.943824
1.27359 0.944032 0.944032
1.2732 0.944239 0.944239
1.27282 0.944445 0.944445
1.27243 0.944652 0.944652
1.27204 0.944858 0.944858
1.27165 0.945063 0.945063
1.27127 0.945268 0.945268
1.27088 0.945473 0.945473
1.27049 0.945678 0.945678
1.2701 0.945882 0.945882
1.26971 0.946085 0.946085
1.26931 0.946289 0.946289
1.26892 0.946492 0.946492
1.26853 0.946694 0.946694
1.26814 0.946897 0.946897
1.26774 0.947098 0.947098
1.26735 0.9473 0.9473
1.26696 0.947501 0.947501
1.26656 0.947702 0.947702
1.26617 0.947902 0.947902
1.26577 0.948102 0.948102
1.26537 0.948302 0.948302
1.26498 0.948501 0.948501
1.26458 0.9487 0.9487
1.26418 0.948898 0.948898
1.26378 0.949096 0.949096
1.26339 0.949294 0.949294
1.26299 0.949491 0.949491
1.26259 0.949688 0.949688
1.26219 0.949885 0.949885
1.26179 0.950081 0.950081
1.26138 0.950277 0.950277
1.26098 0.950472 0.950472
1.26058 0.950667 0.950667
1.26018 0.950862 0.950862
1.25977 0.951057 0.951057
1.25937 0.951251 0.951251
1.25897 0.951444 0.951444
1.25856 0.951637 0.951637
1.25816 0.95183 0.95183
1.25775 0.952023 0.952023
1.25735 0.952215 0.952215
1.25694 0.952406 0.952406
1.25653 0.952598 0.952598
1.25612 0.952789 0.952789
1.25572 0.952979 0.952979
1.25531 0.95317 0.95317
1.2549 0.953359 0.953359
1.25449 0.953549 0.953549
1.25408 0.953738 0.953738
1.25367 0.953927 0.953927
1.25326 0.954115 0.954115
1.25284 0.954303 0.954303
1.25243 0.954491 0.954491
1.25202 0.954678 0.954678
1.25161 0.954865 0.954865
1.25119 0.955051 0.955051
1.25078 0.955237 0.955237
1.25036 0.955423 0.955423
1.24995 0.955608 0.955608
1.24953 0.955793 0.955793
1.24912 0.955978 0.955978
1.2487 0.956162 0.956162
1.24828 0.956346 0.956346
1.24787 0.956529 0.956529
1.24745 0.956712 0.956712
1.24703 0.956895 0.956895
1.24661 0.957077 0.957077
1.24619 0.957259 0.957259
1.24577 0.957441 0.957441
1.24535 0.957622 0.957622
1.24493 0.957802 0.957802
1.24451 0.957983 0.957983
1.24409 0.958163 0.958163
1.24366 0.958343 0.958343
1.24324 0.958522 0.958522
1.24282 0.958701 0.958701
1.24239 0.958879 0.958879
1.24197 0.959057 0.959057
1.24154 0.959235 0.959235
1.24112 0.959413 0.959413
1.24069 0.95959 0.95959
1.24027 0.959766 0.959766
1.23984 0.959942 0.959942
1.23941 0.960118 0.960118
1.23898 0.960294 0.960294
1.23855 0.960469 0.960469
1.23813 0.960644 0.960644
1.2377 0.960818 0.960818
1.23727 0.960992 0.960992
1.23684 0.961165 0.961165
1.23641 0.961339 0.961339
1.23597 0.961512 0.961512
1.23554 0.961684 0.961684
1.23511 0.961856 0.961856
1.23468 0.962028 0.962028
1.23424 0.962199 0.962199
1.23381 0.96237 0.96237
1.23338 0.962541 0.962541
1.23294 0.962711 0.962711
1.23251 0.96288 0.96288
1.23207 0.96305 0.96305
1.23163 0.963219 0.963219
1.2312 0.963388 0.963388
1.23076 0.963556 0.963556
1.23032 0.963724 0.963724
1.22988 0.963891 0.963891
1.22945 0.964058 0.964058
1.22901 0.964225 0.964225
1.22857 0.964391 0.964391
1.22813 0.964557 0.964557
1.22769 0.964723 0.964723
1.22725 0.964888 0.964888
1.2268 0.965053 0.965053
1.22636 0.965218 0.965218
1.22592 0.965382 0.965382
1.22548 0.965545 0.965545
1.22503 0.965709 0.965709
1.22459 0.965872 0.965872
1.22415 0.966034 0.966034
1.2237 0.966196 0.966196
1.22325 0.966358 0.966358
1.22281 0.96652 0.96652
1.22236 0.966681 0.966681
1.22192 0.966841 0.966841
1.22147 0.967002 0.967002
1.22102 0.967161 0.967161
1.22057 0.967321 0.967321
1.22012 0.96748 0.96748
1.21967 0.967639 0.967639
1.21922 0.967797 0.967797
1.21877 0.967955 0.967955
1.21832 0.968113 0.968113
1.21787 0.96827 0.96827
1.21742 0.968427 0.968427
1.21697 0.968583 0.968583
1.21652 0.968739 0.968739
1.21606 0.968895 0.968895
1.21561 0.96905 0.96905
1.21516 0.969205 0.969205
1.2147 0.96936 0.96936
1.21425 0.969514 0.969514
1.21379 0.969668 0.969668
1.21333 0.969821 0.969821
1.21288 0.969974 0.969974
1.21242 0.970127 0.970127
1.21196 0.970279 0.970279
1.21151 0.970431 0.970431
1.21105 0.970582 0.970582
1.21059 0.970733 0.970733
1.21013 0.970884 0.970884
1.20967 0.971034 0.971034
1.20921 0.971184 0.971184
1.20875 0.971334 0.971334
1.20829 0.971483 0.971483
1.20783 0.971632 0.971632
1.20736 0.97178 0.97178
1.2069 0.971928 0.971928
1.20644 0.972076 0.972076
1.20597 0.972223 0.972223
1.20551 0.97237 0.97237
1.20505 0.972516 0.972516
1.20458 0.972663 0.972663
1.20411 0.972808 0.972808
1.20365 0.972954 0.972954
1.20318 0.973099 0.973099
1.20272 0.973243 0.973243
1.20225 0.973387 0.973387
1.20178 0.973531 0.973531
1.20131 0.973675 0.973675
1.20084 0.973818 0.973818
1.20037 0.97396 0.97396
1.1999 0.974102 0.974102
1.19943 0.974244 0.974244
1.19896 0.974386 0.974386
1.19849 0.974527 0.974527
1.19802 0.974668 0.974668
1.19755 0.974808 0.974808
1.19708 0.974948 0.974948
1.1966 0.975088 0.975088
1.19613 0.975227 0.975227
1.19565 0.975365 0.975365
1.19518 0.975504 0.975504
1.1947 0.975642 0.975642
1.19423 0.97578 0.97578
1.19375 0.975917 0.975917
1.19328 0.976054 0.976054
1.1928 0.97619 0.97619
1.19232 0.976326 0.976326
1.19185 0.976462 0.976462
1.19137 0.976597 0.976597
1.19089 0.976732 0.976732
1.19041 0.976867 0.976867
1.18993 0.977001 0.977001
1.18945 0.977135 0.977135
1.18897 0.977268 0.977268
1.18849 0.977401 0.977401
1.18801 0.977534 0.977534
1.18752 0.977666 0.977666
1.18704 0.977798 0.977798
1.18656 0.977929 0.977929
1.18607 0.97806 0.97806
1.18559 0.978191 0.978191
1.18511 0.978321 0.978321
1.18462 0.978451 0.978451
1.18414 0.978581 0.978581
1.18365 0.97871 0.97871
1.18316 0.978839 0.978839
1.18268 0.978967 0.978967
1.18219 0.979095 0.979095
1.1817 0.979223 0.979223
1.18121 0.97935 0.97935
1.18073 0.979477 0.979477
1.18024 0.979603 0.979603
1.17975 0.979729 0.979729
1.17926 0.979855 0.979855
1.17877 0.97998 0.97998
1.17828 0.980105 0.980105
1.17778 0.98023 0.98023
1.17729 0.980354 0.980354
1.1768 0.980478 0.980478
1.17631 0.980601 0.980601
1.17581 0.980724 0.980724
1.17532 0.980847 0.980847
1.17483 0.980969 0.980969
1.17433 0.981091 0.981091
1.17384 0.981212 0.981212
1.17334 0.981333 0.981333
1.17285 0.981454 0.981454
1.17235 0.981574 0.981574
1.17185 0.981694 0.981694
1.17135 0.981813 0.981813
1.17086 0.981932 0.981932
1.17036 0.982051 0.982051
1.16986 0.982169 0.982169
1.16936 0.982287 0.982287
1.16886 0.982405 0.982405
1.16836 0.982522 0.982522
1.16786 0.982639 0.982639
1.16736 0.982755 0.982755
1.16686 0.982871 0.982871
1.16635 0.982987 0.982987
1.16585 0.983102 0.983102
1.16535 0.983217 0.983217
1.16485 0.983331 0.983331
1.16434 0.983445 0.983445
1.16384 0.983559 0.983559
1.16333 0.983672 0.983672
1.16283 0.983785 0.983785
1.16232 0.983898 0.983898
1.16182 0.98401 0.98401
1.16131 0.984121 0.984121
1.1608 0.984233 0.984233
1.16029 0.984344 0.984344
1.15979 0.984454 0.984454
1.15928 0.984564 0.984564
1.15877 0.984674 0.984674
1.15826 0.984784 0.984784
1.15775 0.984893 0.984893
1.15724 0.985001 0.985001
1.15673 0.985109 0.985109
1.15622 0.985217 0.985217
1.15571 0.985325 0.985325
1.15519 0.985432 0.985432
1.15468 0.985538 0.985538
1.15417 0.985645 0.985645
1.15365 0.985751 0.985751
1.15314 0.985856 0.985856
1.15263 0.985961 0.985961
1.15211 0.986066 0.986066
1.1516 0.98617 0.98617
1.15108 0.986274 0.986274
1.15056 0.986378 0.986378
1.15005 0.986481 0.986481
1.14953 0.986584 0.986584
1.14901 0.986686 0.986686
1.1485 0.986788 0.986788
1.14798 0.98689 0.98689
1.14746 0.986991 0.986991
1.14694 0.987092 0.987092
1.14642 0.987192 0.987192
1.1459 0.987292 0.987292
1.14538 0.987392 0.987392
1.14486 0.987491 0.987491
1.14433 0.98759 0.98759
1.14381 0.987688 0.987688
1.14329 0.987786 0.987786
1.14277 0.987884 0.987884
1.14224 0.987982 0.987982
1.14172 0.988078 0.988078
1.1412 0.988175 0.988175
1.14067 0.988271 0.988271
1.14015 0.988367 0.988367
1.13962 0.988462 0.988462
1.13909 0.988557 0.988557
1.13857 0.988652 0.988652
1.13804 0.988746 0.988746
1.13751 0.98884 0.98884
1.13698 0.988933 0.988933
1.13646 0.989026 0.989026
1.13593 0.989119 0.989119
1.1354 0.989211 0.989211
1.13487 0.989303 0.989303
1.13434 0.989394 0.989394
1.13381 0.989485 0.989485
1.13328 0.989576 0.989576
1.13274 0.989666 0.989666
1.13221 0.989756 0.989756
1.13168 0.989846 0.989846
1.13115 0.989935 0.989935
1.13061 0.990024 0.990024
1.13008 0.990112 0.990112
1.12955 0.9902 0.9902
1.12901 0.990288 0.990288
1.12848 0.990375 0.990375
1.12794 0.990461 0.990461
1.1274 0.990548 0.990548
1.12687 0.990634 0.990634
1.12633 0.990719 0.990719
1.12579 0.990805 0.990805
1.12526 0.990889 0.990889
1.12472 0.990974 0.990974
1.12418 0.991058 0.991058
1.12364 0.991142 0.991142
1.1231 0.991225 0.991225
1.12256 0.991308 0.991308
1.12202 0.99139 0.99139
1.12148 0.991472 0.991472
1.12094 0.991554 0.991554
1.1204 0.991635 0.991635
1.11985 0.991716 0.991716
1.11931 0.991797 0.991797
1.11877 0.991877 0.991877
1.11822 0.991956 0.991956
1.11768 0.992036 0.992036
1.11714 0.992115 0.992115
1.11659 0.992193 0.992193
1.11605 0.992271 0.992271
1.1155 0.992349 0.992349
1.11495 0.992427 0.992427
1.11441 0.992504 0.992504
1.11386 0.99258 0.99258
1.11331 0.992656 0.992656
1.11277 0.992732 0.992732
1.11222 0.992808 0.992808
1.11167 0.992883 0.992883
1.11112 0.992957 0.992957
1.11057 0.993032 0.993032
1.11002 0.993105 0.993105
1.10947 0.993179 0.993179
1.10892 0.993252 0.993252
1.10837 0.993325 0.993325
1.10781 0.993397 0.993397
1.10726 0.993469 0.993469
1.10671 0.99354 0.99354
1.10616 0.993611 0.993611
1.1056 0.993682 0.993682
1.10505 0.993752 0.993752
1.10449 0.993822 0.993822
1.10394 0.993892 0.993892
1.10338 0.993961 0.993961
1.10283 0.99403 0.99403
1.10227 0.994098 0.994098
1.10171 0.994166 0.994166
1.10116 0.994234 0.994234
1.1006 0.994301 0.994301
1.10004 0.994368 0.994368
1.09948 0.994434 0.994434
1.09892 0.9945 0.9945
1.09837 0.994566 0.994566
1.09781 0.994631 0.994631
1.09725 0.994696 0.994696
1.09668 0.99476 0.99476
1.09612 0.994824 0.994824
1.09556 0.994888 0.994888
1.095 0.994951 0.994951
1.09444 0.995014 0.995014
1.09388 0.995076 0.995076
1.09331 0.995138 0.995138
1.09275 0.9952 0.9952
1.09218 0.995261 0.995261
1.09162 0.995322 0.995322
1.09105 0.995383 0.995383
1.09049 0.995443 0.995443
1.08992 0.995503 0.995503
1.08936 0.995562 0.995562
1.08879 0.995621 0.995621
1.08822 0.995679 0.995679
1.08766 0.995738 0.995738
1.08709 0.995795 0.995795
1.08652 0.995853 0.995853
1.08595 0.99591 0.99591
1.08538 0.995966 0.995966
1.08481 0.996022 0.996022
1.08424 0.996078 0.996078
1.08367 0.996134 0.996134
1.0831 0.996189 0.996189
1.08253 0.996243 0.996243
1.08196 0.996297 0.996297
1.08139 0.996351 0.996351
1.08081 0.996405 0.996405
1.08024 0.996458 0.996458
1.07967 0.99651 0.99651
1.07909 0.996563 0.996563
1.07852 0.996615 0.996615
1.07794 0.996666 0.996666
1.07737 0.996717 0.996717
1.07679 0.996768 0.996768
1.07622 0.996818 0.996818
1.07564 0.996868 0.996868
1.07506 0.996917 0.996917
1.07449 0.996966 0.996966
1.07391 0.997015 0.997015
1.07333 0.997064 0.997064
1.07275 0.997111 0.997111
1.07217 0.997159 0.997159
1.07159 0.997206 0.997206
1.07101 0.997253 0.997253
1.07043 0.997299 0.997299
1.06985 0.997345 0.997345
1.06927 0.997391 0.997391
1.06869 0.997436 0.997436
1.06811 0.997481 0.997481
1.06753 0.997525 0.997525
1.06694 0.997569 0.997569
1.06636 0.997613 0.997613
1.06578 0.997656 0.997656
1.06519 0.997699 0.997699
1.06461 0.997741 0.997741
1.06402 0.997783 0.997783
1.06344 0.997825 0.997825
1.06285 0.997866 0.997866
1.06226 0.997907 0.997907
1.06168 0.997947 0.997947
1.06109 0.997987 0.997987
1.0605 0.998027 0.998027
1.05992 0.998066 0.998066
1.05933 0.998105 0.998105
1.05874 0.998143 0.998143
1.05815 0.998181 0.998181
1.05756 0.998219 0.998219
1.05697 0.998256 0.998256
1.05638 0.998293 0.998293
1.05579 0.99833 0.99833
1.0552 0.998366 0.998366
1.05461 0.998402 0.998402
1.05401 0.998437 0.998437
1.05342 0.998472 0.998472
1.05283 0.998506 0.998506
1.05224 0.99854 0.99854
1.05164 0.998574 0.998574
1.05105 0.998608 0.998608
1.05045 0.998641 0.998641
1.04986 0.998673 0.998673
1.04926 0.998705 0.998705
1.04867 0.998737 0.998737
1.04807 0.998768 0.998768
1.04747 0.998799 0.998799
1.04688 0.99883 0.99883
1.04628 0.99886 0.99886
1.04568 0.99889 0.99889
1.04508 0.998919 0.998919
1.04449 0.998948 0.998948
1.04389 0.998977 0.998977
1.04329 0.999005 0.999005
1.04269 0.999033 0.999033
1.04209 0.99906 0.99906
1.04149 0.999087 0.999087
1.04089 0.999114 0.999114
1.04028 0.99914 0.99914
1.03968 0.999166 0.999166
1.03908 0.999192 0.999192
1.03848 0.999217 0.999217
1.03787 0.999241 0.999241
1.03727 0.999266 0.999266
1.03667 0.99929 0.99929
1.03606 0.999313 0.999313
1.03546 0.999336 0.999336
1.03485 0.999359 0.999359
1.03425 0.999381 0.999381
1.03364 0.999403 0.999403
1.03303 0.999425 0.999425
1.03243 0.999446 0.999446
1.03182 0.999466 0.999466
1.03121 0.999487 0.999487
1.0306 0.999507 0.999507
1.02999 0.999526 0.999526
1.02939 0.999545 0.999545
1.02878 0.999564 0.999564
1.02817 0.999582 0.999582
1.02756 0.9996 0.9996
1.02695 0.999618 0.999618
1.02634 0.999635 0.999635
1.02572 0.999652 0.999652
1.02511 0.999668 0.999668
1.0245 0.999684 0.999684
1.02389 0.9997 0.9997
1.02327 0.999715 0.999715
1.02266 0.99973 0.99973
1.02205 0.999744 0.999744
1.02143 0.999758 0.999758
1.02082 0.999772 0.999772
1.0202 0.999785 0.999785
1.01959 0.999798 0.999798
1.01897 0.99981 0.99981
1.01836 0.999822 0.999822
1.01774 0.999834 0.999834
1.01712 0.999845 0.999845
1.01651 0.999856 0.999856
1.01589 0.999867 0.999867
1.01527 0.999877 0.999877
1.01465 0.999886 0.999886
1.01403 0.999896 0.999896
1.01341 0.999905 0.999905
1.01279 0.999913 0.999913
1.01217 0.999921 0.999921
1.01155 0.999929 0.999929
1.01093 0.999936 0.999936
1.01031 0.999943 0.999943
1.00969 0.99995 0.99995
1.00907 0.999956 0.999956
1.00844 0.999961 0.999961
1.00782 0.999967 0.999967
1.0072 0.999972 0.999972
1.00657 0.999976 0.999976
1.00595 0.99998 0.99998
1.00532 0.999984 0.999984
1.0047 0.999987 0.999987
1.00407 0.99999 0.99999
1.00345 0.999993 0.999993
1.00282 0.999995 0.999995
1.0022 0.999997 0.999997
1.00157 0.999998 0.999998
1.00094 0.999999 0.999999
1.00031 1 1
0.999686 1 1
0.999057 1 1
0.998428 0.999999 0.999999
0.997799 0.999998 0.999998
0.997169 0.999997 0.999997
0.996539 0.999995 0.999995
0.995909 0.999993 0.999993
0.995278 0.99999 0.99999
0.994647 0.999987 0.999987
0.994015 0.999984 0.999984
0.993383 0.99998 0.99998
0.992751 0.999976 0.999976
0.992118 0.999972 0.999972
0.991484 0.999967 0.999967
0.990851 0.999961 0.999961
0.990217 0.999956 0.999956
0.989582 0.99995 0.99995
0.988948 0.999943 0.999943
0.988312 0.999936 0.999936
0.987677 0.999929 0.999929
0.987041 0.999921 0.999921
0.986405 0.999913 0.999913
0.985768 0.999905 0.999905
0.985131 0.999896 0.999896
0.984493 0.999886 0.999886
0.983855 0.999877 0.999877
0.983217 0.999867 0.999867
0.982578 0.999856 0.999856
0.981939 0.999845 0.999845
0.9813 0.999834 0.999834
0.98066 0.999822 0.999822
0.98002 0.99981 0.99981
0.979379 0.999798 0.999798
0.978738 0.999785 0.999785
0.978097 0.999772 0.999772
0.977455 0.999758 0.999758
0.976813 0.999744 0.999744
0.97617 0.99973 0.99973
0.975527 0.999715 0.999715
0.974884 0.9997 0.9997
0.97424 0.999684 0.999684
0.973596 0.999668 0.999668
0.972951 0.999652 0.999652
0.972307 0.999635 0.999635
0.971661 0.999618 0.999618
0.971016 0.9996 0.9996
0.97037 0.999582 0.999582
0.969723 0.999564 0.999564
0.969077 0.999545 0.999545
0.968429 0.999526 0.999526
0.967782 0.999507 0.999507
0.967134 0.999487 0.999487
0.966486 0.999466 0.999466
0.965837 0.999446 0.999446
0.965188 0.999425 0.999425
0.964538 0.999403 0.999403
0.963889 0.999381 0.999381
0.963238 0.999359 0.999359
0.962588 0.999336 0.999336
0.961937 0.999313 0.999313
0.961285 0.99929 0.99929
0.960634 0.999266 0.999266
0.959982 0.999241 0.999241
0.959329 0.999217 0.999217
0.958676 0.999192 0.999192
0.958023 0.999166 0.999166
0.957369 0.99914 0.99914
0.956715 0.999114 0.999114
0.956061 0.999087 0.999087
0.955406 0.99906 0.99906
0.954751 0.999033 0.999033
0.954095 0.999005 0.999005
0.95344 0.998977 0.998977
0.952783 0.998948 0.998948
0.952127 0.998919 0.998919
0.95147 0.99889 0.99889
0.950812 0.99886 0.99886
0.950154 0.99883 0.99883
0.949496 0.998799 0.998799
0.948838 0.998768 0.998768
0.948179 0.998737 0.998737
0.94752 0.998705 0.998705
0.94686 0.998673 0.998673
0.9462 0.998641 0.998641
0.94554 0.998608 0.998608
0.944879 0.998574 0.998574
0.944218 0.99854 0.99854
0.943556 0.998506 0.998506
0.942894 0.998472 0.998472
0.942232 0.998437 0.998437
0.941569 0.998402 0.998402
0.940906 0.998366 0.998366
0.940243 0.99833 0.99833
0.939579 0.998293 0.998293
0.938915 0.998256 0.998256
0.938251 0.998219 0.998219
0.937586 0.998181 0.998181
0.936921 0.998143 0.998143
0.936255 0.998105 0.998105
0.935589 0.998066 0.998066
0.934923 0.998027 0.998027
0.934256 0.997987 0.997987
0.933589 0.997947 0.997947
0.932921 0.997907 0.997907
0.932254 0.997866 0.997866
0.931585 0.997825 0.997825
0.930917 0.997783 0.997783
0.930248 0.997741 0.997741
0.929579 0.997699 0.997699
0.928909 0.997656 0.997656
0.928239 0.997613 0.997613
0.927569 0.997569 0.997569
0.926898 0.997525 0.997525
0.926227 0.997481 0.997481
0.925555 0.997436 0.997436
0.924884 0.997391 0.997391
0.924211 0.997345 0.997345
0.923539 0.997299 0.997299
0.922866 0.997253 0.997253
0.922193 0.997206 0.997206
0.921519 0.997159 0.997159
0.920845 0.997111 0.997111
0.92017 0.997064 0.997064
0.919496 0.997015 0.997015
0.918821 0.996966 0.996966
0.918145 0.996917 0.996917
0.917469 0.996868 0.996868
0.916793 0.996818 0.996818
0.916116 0.996768 0.996768
0.91544 0.996717 0.996717
0.914762 0.996666 0.996666
0.914085 0.996615 0.996615
0.913407 0.996563 0.996563
0.912728 0.99651 0.99651
0.912049 0.996458 0.996458
0.91137 0.996405 0.996405
0.910691 0.996351 0.996351
0.910011 0.996297 0.996297
0.909331 0.996243 0.996243
0.90865 0.996189 0.996189
0.907969 0.996134 0.996134
0.907288 0.996078 0.996078
0.906607 0.996022 0.996022
0.905925 0.995966 0.995966
0.905242 0.99591 0.99591
0.90456 0.995853 0.995853
0.903877 0.995795 0.995795
0.903193 0.995738 0.995738
0.902509 0.995679 0.995679
0.901825 0.995621 0.995621
0.901141 0.995562 0.995562
0.900456 0.995503 0.995503
0.899771 0.995443 0.995443
0.899085 0.995383 0.995383
0.898399 0.995322 0.995322
0.897713 0.995261 0.995261
0.897027 0.9952 0.9952
0.89634 0.995138 0.995138
0.895652 0.995076 0.995076
0.894965 0.995014 0.995014
0.894277 0.994951 0.994951
0.893588 0.994888 0.994888
0.8929 0.994824 0.994824
0.892211 0.99476 0.99476
0.891521 0.994696 0.994696
0.890831 0.994631 0.994631
0.890141 0.994566 0.994566
0.889451 0.9945 0.9945
0.88876 0.994434 0.994434
0.888069 0.994368 0.994368
0.887377 0.994301 0.994301
0.886685 0.994234 0.994234
0.885993 0.994166 0.994166
0.885301 0.994098 0.994098
0.884608 0.99403 0.99403
0.883914 0.993961 0.993961
0.883221 0.993892 0.993892
0.882527 0.993822 0.993822
0.881832 0.993752 0.993752
0.881138 0.993682 0.993682
0.880443 0.993611 0.993611
0.879747 0.99354 0.99354
0.879052 0.993469 0.993469
0.878356 0.993397 0.993397
0.877659 0.993325 0.993325
0.876962 0.993252 0.993252
0.876265 0.993179 0.993179
0.875568 0.993105 0.993105
0.87487 0.993032 0.993032
0.874172 0.992957 0.992957
0.873474 0.992883 0.992883
0.872775 0.992808 0.992808
0.872076 0.992732 0.992732
0.871376 0.992656 0.992656
0.870676 0.99258 0.99258
0.869976 0.992504 0.992504
0.869275 0.992427 0.992427
0.868575 0.992349 0.992349
0.867873 0.992271 0.992271
0.867172 0.992193 0.992193
0.86647 0.992115 0.992115
0.865768 0.992036 0.992036
0.865065 0.991956 0.991956
0.864362 0.991877 0.991877
0.863659 0.991797 0.991797
0.862955 0.991716 0.991716
0.862251 0.991635 0.991635
0.861547 0.991554 0.991554
0.860842 0.991472 0.991472
0.860137 0.99139 0.99139
0.859432 0.991308 0.991308
0.858726 0.991225 0.991225
0.85802 0.991142 0.991142
0.857314 0.991058 0.991058
0.856607 0.990974 0.990974
0.8559 0.990889 0.990889
0.855193 0.990805 0.990805
0.854485 0.990719 0.990719
0.853777 0.990634 0.990634
0.853069 0.990548 0.990548
0.85236 0.990461 0.990461
0.851651 0.990375 0.990375
0.850942 0.990288 0.990288
0.850232 0.9902 0.9902
0.849522 0.990112 0.990112
0.848811 0.990024 0.990024
0.848101 0.989935 0.989935
0.84739 0.989846 0.989846
0.846678 0.989756 0.989756
0.845967 0.989666 0.989666
0.845254 0.989576 0.989576
0.844542 0.989485 0.989485
0.843829 0.989394 0.989394
0.843116 0.989303 0.989303
0.842403 0.989211 0.989211
0.841689 0.989119 0.989119
0.840975 0.989026 0.989026
0.840261 0.988933 0.988933
0.839546 0.98884 0.98884
0.838831 0.988746 0.988746
0.838116 0.988652 0.988652
0.8374 0.988557 0.988557
0.836684 0.988462 0.988462
0.835967 0.988367 0.988367
0.835251 0.988271 0.988271
0.834534 0.988175 0.988175
0.833816 0.988078 0.988078
0.833099 0.987982 0.987982
0.832381 0.987884 0.987884
0.831662 0.987786 0.987786
0.830944 0.987688 0.987688
0.830225 0.98759 0.98759
0.829505 0.987491 0.987491
0.828786 0.987392 0.987392
0.828066 0.987292 0.987292
0.827345 0.987192 0.987192
0.826625 0.987092 0.987092
0.825904 0.986991 0.986991
0.825182 0.98689 0.98689
0.824461 0.986788 0.986788
0.823739 0.986686 0.986686
0.823017 0.986584 0.986584
0.822294 0.986481 0.986481
0.821571 0.986378 0.986378
0.820848 0.986274 0.986274
0.820124 0.98617 0.98617
0.8194 0.986066 0.986066
0.818676 0.985961 0.985961
0.817952 0.985856 0.985856
0.817227 0.985751 0.985751
0.816502 0.985645 0.985645
0.815776 0.985538 0.985538
0.81505 0.985432 0.985432
0.814324 0.985325 0.985325
0.813598 0.985217 0.985217
0.812871 0.985109 0.985109
0.812144 0.985001 0.985001
0.811416 0.984893 0.984893
0.810688 0.984784 0.984784
0.80996 0.984674 0.984674
0.809232 0.984564 0.984564
0.808503 0.984454 0.984454
0.807774 0.984344 0.984344
0.807045 0.984233 0.984233
0.806315 0.984121 0.984121
0.805585 0.98401 0.98401
0.804855 0.983898 0.983898
0.804124 0.983785 0.983785
0.803393 0.983672 0.983672
0.802662 0.983559 0.983559
0.80193 0.983445 0.983445
0.801199 0.983331 0.983331
0.800466 0.983217 0.983217
0.799734 0.983102 0.983102
0.799001 0.982987 0.982987
0.798268 0.982871 0.982871
0.797534 0.982755 0.982755
0.796801 0.982639 0.982639
0.796067 0.982522 0.982522
0.795332 0.982405 0.982405
0.794597 0.982287 0.982287
0.793862 0.982169 0.982169
0.793127 0.982051 0.982051
0.792391 0.981932 0.981932
0.791655 0.981813 0.981813
0.790919 0.981694 0.981694
0.790182 0.981574 0.981574
0.789445 0.981454 0.981454
0.788708 0.981333 0.981333
0.787971 0.981212 0.981212
0.787233 0.981091 0.981091
0.786495 0.980969 0.980969
0.785756 0.980847 0.980847
0.785017 0.980724 0.980724
0.784278 0.980601 0.980601
0.783539 0.980478 0.980478
0.782799 0.980354 0.980354
0.782059 0.98023 0.98023
0.781319 0.980105 0.980105
0.780578 0.97998 0.97998
0.779837 0.979855 0.979855
0.779096 0.979729 0.979729
0.778354 0.979603 0.979603
0.777613 0.979477 0.979477
0.77687 0.97935 0.97935
0.776128 0.979223 0.979223
0.775385 0.979095 0.979095
0.774642 0.978967 0.978967
0.773899 0.978839 0.978839
0.773155 0.97871 0.97871
0.772411 0.978581 0.978581
0.771667 0.978451 0.978451
0.770922 0.978321 0.978321
0.770177 0.978191 0.978191
0.769432 0.97806 0.97806
0.768686 0.977929 0.977929
0.76794 0.977798 0.977798
0.767194 0.977666 0.977666
0.766448 0.977534 0.977534
0.765701 0.977401 0.977401
0.764954 0.977268 0.977268
0.764207 0.977135 0.977135
0.763459 0.977001 0.977001
0.762711 0.976867 0.976867
0.761963 0.976732 0.976732
0.761214 0.976597 0.976597
0.760465 0.976462 0.976462
0.759716 0.976326 0.976326
0.758967 0.97619 0.97619
0.758217 0.976054 0.976054
0.757467 0.975917 0.975917
0.756717 0.97578 0.97578
0.755966 0.975642 0.975642
0.755215 0.975504 0.975504
0.754464 0.975365 0.975365
0.753712 0.975227 0.975227
0.75296 0.975087 0.975087
0.752208 0.974948 0.974948
0.751456 0.974808 0.974808
0.750703 0.974668 0.974668
0.74995 0.974527 0.974527
0.749197 0.974386 0.974386
0.748443 0.974244 0.974244
0.747689 0.974102 0.974102
0.746935 0.97396 0.97396
0.74618 0.973818 0.973818
0.745426 0.973675 0.973675
0.74467 0.973531 0.973531
0.743915 0.973387 0.973387
0.743159 0.973243 0.973243
0.742403 0.973099 0.973099
0.741647 0.972954 0.972954
0.740891 0.972808 0.972808
0.740134 0.972663 0.972663
0.739377 0.972516 0.972516
0.738619 0.97237 0.97237
0.737861 0.972223 0.972223
0.737103 0.972076 0.972076
0.736345 0.971928 0.971928
0.735586 0.97178 0.97178
0.734828 0.971632 0.971632
0.734068 0.971483 0.971483
0.733309 0.971334 0.971334
0.732549 0.971184 0.971184
0.731789 0.971034 0.971034
0.731029 0.970884 0.970884
0.730268 0.970733 0.970733
0.729507 0.970582 0.970582
0.728746 0.970431 0.970431
0.727984 0.970279 0.970279
0.727223 0.970127 0.970127
0.726461 0.969974 0.969974
0.725698 0.969821 0.969821
0.724936 0.969668 0.969668
0.724173 0.969514 0.969514
0.723409 0.96936 0.96936
0.722646 0.969205 0.969205
0.721882 0.96905 0.96905
0.721118 0.968895 0.968895
0.720354 0.968739 0.968739
0.719589 0.968583 0.968583
0.718824 0.968427 0.968427
0.718059 0.96827 0.96827
0.717293 0.968113 0.968113
0.716528 0.967955 0.967955
0.715762 0.967797 0.967797
0.714995 0.967639 0.967639
0.714229 0.96748 0.96748
0.713462 0.967321 0.967321
0.712694 0.967161 0.967161
0.711927 0.967002 0.967002
0.711159 0.966841 0.966841
0.710391 0.966681 0.966681
0.709623 0.96652 0.96652
0.708854 0.966358 0.966358
0.708085 0.966196 0.966196
0.707316 0.966034 0.966034
0.706547 0.965872 0.965872
0.705777 0.965709 0.965709
0.705007 0.965545 0.965545
0.704237 0.965382 0.965382
0.703466 0.965218 0.965218
0.702695 0.965053 0.965053
0.701924 0.964888 0.964888
0.701153 0.964723 0.964723
0.700381 0.964557 0.964557
0.699609 0.964391 0.964391
0.698837 0.964225 0.964225
0.698065 0.964058 0.964058
0.697292 0.963891 0.963891
0.696519 0.963724 0.963724
0.695746 0.963556 0.963556
0.694972 0.963388 0.963388
0.694198 0.963219 0.963219
0.693424 0.96305 0.96305
0.69265 0.96288 0.96288
0.691875 0.962711 0.962711
0.6911 0.962541 0.962541
0.690325 0.96237 0.96237
0.689549 0.962199 0.962199
0.688774 0.962028 0.962028
0.687997 0.961856 0.961856
0.687221 0.961684 0.961684
0.686445 0.961511 0.961511
0.685668 0.961339 0.961339
0.684891 0.961165 0.961165
0.684113 0.960992 0.960992
0.683336 0.960818 0.960818
0.682558 0.960644 0.960644
0.681779 0.960469 0.960469
0.681001 0.960294 0.960294
0.680222 0.960118 0.960118
0.679443 0.959942 0.959942
0.678664 0.959766 0.959766
0.677884 0.95959 0.95959
0.677104 0.959413 0.959413
0.676324 0.959235 0.959235
0.675544 0.959057 0.959057
0.674763 0.958879 0.958879
0.673983 0.958701 0.958701
0.673201 0.958522 0.958522
0.67242 0.958343 0.958343
0.671638 0.958163 0.958163
0.670856 0.957983 0.957983
0.670074 0.957802 0.957802
0.669292 0.957622 0.957622
0.668509 0.957441 0.957441
0.667726 0.957259 0.957259
0.666943 0.957077 0.957077
0.666159 0.956895 0.956895
0.665375 0.956712 0.956712
0.664591 0.956529 0.956529
0.663807 0.956346 0.956346
0.663022 0.956162 0.956162
0.662238 0.955978 0.955978
0.661452 0.955793 0.955793
0.660667 0.955608 0.955608
0.659881 0.955423 0.955423
0.659096 0.955237 0.955237
0.658309 0.955051 0.955051
0.657523 0.954865 0.954865
0.656736 0.954678 0.954678
0.655949 0.954491 0.954491
0.655162 0.954303 0.954303
0.654375 0.954115 0.954115
0.653587 0.953927 0.953927
0.652799 0.953738 0.953738
0.652011 0.953549 0.953549
0.651222 0.953359 0.953359
0.650434 0.95317 0.95317
0.649645 0.952979 0.952979
0.648855 0.952789 0.952789
0.648066 0.952598 0.952598
0.647276 0.952406 0.952406
0.646486 0.952215 0.952215
0.645696 0.952023 0.952023
0.644905 0.95183 0.95183
0.644115 0.951637 0.951637
0.643324 0.951444 0.951444
0.642532 0.951251 0.951251
0.641741 0.951057 0.951057
0.640949 0.950862 0.950862
0.640157 0.950667 0.950667
0.639365 0.950472 0.950472
0.638572 0.950277 0.950277
0.637779 0.950081 0.950081
0.636986 0.949885 0.949885
0.636193 0.949688 0.949688
0.635399 0.949491 0.949491
0.634606 0.949294 0.949294
0.633811 0.949096 0.949096
0.633017 0.948898 0.948898
0.632223 0.9487 0.9487
0.631428 0.948501 0.948501
0.630633 0.948302 0.948302
0.629837 0.948102 0.948102
0.629042 0.947902 0.947902
0.628246 0.947702 0.947702
0.62745 0.947501 0.947501
0.626654 0.9473 0.9473
0.625857 0.947098 0.947098
0.62506 0.946896 0.946896
0.624263 0.946694 0.946694
0.623466 0.946492 0.946492
0.622669 0.946289 0.946289
0.621871 0.946085 0.946085
0.621073 0.945882 0.945882
0.620274 0.945678 0.945678
0.619476 0.945473 0.945473
0.618677 0.945268 0.945268
0.617878 0.945063 0.945063
0.617079 0.944858 0.944858
0.616279 0.944652 0.944652
0.61548 0.944445 0.944445
0.61468 0.944239 0.944239
0.613879 0.944032 0.944032
0.613079 0.943824 0.943824
0.612278 0.943616 0.943616
0.611477 0.943408 0.943408
0.610676 0.9432 0.9432
0.609875 0.942991 0.942991
0.609073 0.942781 0.942781
0.608271 0.942572 0.942572
0.607469 0.942362 0.942362
0.606667 0.942151 0.942151
0.605864 0.94194 0.94194
0.605061 0.941729 0.941729
0.604258 0.941518 0.941518
0.603455 0.941306 0.941306
0.602651 0.941093 0.941093
0.601847 0.940881 0.940881
0.601043 0.940668 0.940668
0.600239 0.940454 0.940454
0.599434 0.940241 0.940241
0.59863 0.940026 0.940026
0.597825 0.939812 0.939812
0.597019 0.939597 0.939597
0.596214 0.939382 0.939382
0.595408 0.939166 0.939166
0.594602 0.93895 0.93895
0.593796 0.938734 0.938734
0.59299 0.938517 0.938517
0.592183 0.9383 0.9383
0.591376 0.938083 0.938083
0.590569 0.937865 0.937865
0.589762 0.937647 0.937647
0.588954 0.937428 0.937428
0.588146 0.937209 0.937209
0.587338 0.93699 0.93699
0.58653 0.93677 0.93677
0.585721 0.93655 0.93655
0.584913 0.936329 0.936329
0.584104 0.936109 0.936109
0.583294 0.935888 0.935888
0.582485 0.935666 0.935666
0.581675 0.935444 0.935444
0.580865 0.935222 0.935222
0.580055 0.934999 0.934999
0.579245 0.934776 0.934776
0.578434 0.934553 0.934553
0.577624 0.934329 0.934329
0.576813 0.934105 0.934105
0.576001 0.93388 0.93388
0.57519 0.933655 0.933655
0.574378 0.93343 0.93343
0.573566 0.933205 0.933205
0.572754 0.932979 0.932979
0.571941 0.932752 0.932752
0.571129 0.932526 0.932526
0.570316 0.932299 0.932299
0.569503 0.932071 0.932071
0.56869 0.931843 0.931843
0.567876 0.931615 0.931615
0.567062 0.931387 0.931387
0.566248 0.931158 0.931158
0.565434 0.930928 0.930928
0.56462 0.930699 0.930699
0.563805 0.930469 0.930469
0.56299 0.930238 0.930238
0.562175 0.930008 0.930008
0.56136 0.929777 0.929777
0.560544 0.929545 0.929545
0.559729 0.929313 0.929313
0.558913 0.929081 0.929081
0.558096 0.928848 0.928848
0.55728 0.928615 0.928615
0.556463 0.928382 0.928382
0.555646 0.928148 0.928148
0.554829 0.927914 0.927914
0.554012 0.92768 0.92768
0.553195 0.927445 0.927445
0.552377 0.92721 0.92721
0.551559 0.926975 0.926975
0.550741 0.926739 0.926739
0.549922 0.926502 0.926502
0.549104 0.926266 0.926266
0.548285 0.926029 0.926029
0.547466 0.925791 0.925791
0.546647 0.925554 0.925554
0.545827 0.925316 0.925316
0.545007 0.925077 0.925077
0.544188 0.924838 0.924838
0.543367 0.924599 0.924599
0.542547 0.92436 0.92436
0.541727 0.92412 0.92412
0.540906 0.92388 0.92388
0.540085 0.923639 0.923639
0.539264 0.923398 0.923398
0.538442 0.923157 0.923157
0.537621 0.922915 0.922915
0.536799 0.922673 0.922673
0.535977 0.92243 0.92243
0.535155 0.922188 0.922188
0.534332 0.921944 0.921944
0.533509 0.921701 0.921701
0.532687 0.921457 0.921457
0.531864 0.921213 0.921213
0.53104 0.920968 0.920968
0.530217 0.920723 0.920723
0.529393 0.920478 0.920478
0.528569 0.920232 0.920232
0.527745 0.919986 0.919986
0.526921 0.919739 0.919739
0.526096 0.919493 0.919493
0.525271 0.919245 0.919245
0.524446 0.918998 0.918998
0.523621 0.91875 0.91875
0.522796 0.918502 0.918502
0.52197 0.918253 0.918253
0.521144 0.918004 0.918004
0.520318 0.917755 0.917755
0.519492 0.917505 0.917505
0.518666 0.917255 0.917255
0.517839 0.917004 0.917004
0.517012 0.916754 0.916754
0.516185 0.916502 0.916502
0.515358 0.916251 0.916251
0.514531 0.915999 0.915999
0.513703 0.915747 0.915747
0.512875 0.915494 0.915494
0.512047 0.915241 0.915241
0.511219 0.914988 0.914988
0.510391 0.914734 0.914734
0.509562 0.91448 0.91448
0.508733 0.914226 0.914226
0.507904 0.913971 0.913971
0.507075 0.913716 0.913716
0.506245 0.91346 0.91346
0.505416 0.913204 0.913204
0.504586 0.912948 0.912948
0.503756 0.912692 0.912692
0.502926 0.912435 0.912435
0.502095 0.912177 0.912177
0.501264 0.91192 0.91192
0.500434 0.911662 0.911662
0.499603 0.911403 0.911403
0.498771 0.911145 0.911145
0.49794 0.910885 0.910885
0.497108 0.910626 0.910626
0.496276 0.910366 0.910366
0.495444 0.910106 0.910106
0.494612 0.909845 0.909845
0.49378 0.909585 0.909585
0.492947 0.909323 0.909323
0.492114 0.909062 0.909062
0.491281 0.9088 0.9088
0.490448 0.908537 0.908537
0.489615 0.908275 0.908275
0.488781 0.908012 0.908012
0.487948 0.907748 0.907748
0.487114 0.907484 0.907484
0.486279 0.90722 0.90722
0.485445 0.906956 0.906956
0.484611 0.906691 0.906691
0.483776 0.906426 0.906426
0.482941 0.90616 0.90616
0.482106 0.905894 0.905894
0.481271 0.905628 0.905628
0.480435 0.905361 0.905361
0.479599 0.905094 0.905094
0.478764 0.904827 0.904827
0.477927 0.904559 0.904559
0.477091 0.904291 0.904291
0.476255 0.904023 0.904023
0.475418 0.903754 0.903754
0.474581 0.903485 0.903485
0.473744 0.903216 0.903216
0.472907 0.902946 0.902946
0.47207 0.902675 0.902675
0.471232 0.902405 0.902405
0.470395 0.902134 0.902134
0.469557 0.901863 0.901863
0.468718 0.901591 0.901591
0.46788 0.901319 0.901319
0.467042 0.901047 0.901047
0.466203 0.900774 0.900774
0.465364 0.900501 0.900501
0.464525 0.900228 0.900228
0.463686 0.899954 0.899954
0.462847 0.89968 0.89968
0.462007 0.899405 0.899405
0.461167 0.89913 0.89913
0.460327 0.898855 0.898855
0.459487 0.89858 0.89858
0.458647 0.898304 0.898304
0.457806 0.898028 0.898028
0.456966 0.897751 0.897751
0.456125 0.897474 0.897474
0.455284 0.897197 0.897197
0.454443 0.896919 0.896919
0.453601 0.896641 0.896641
0.45276 0.896363 0.896363
0.451918 0.896084 0.896084
0.451076 0.895805 0.895805
0.450234 0.895525 0.895525
0.449391 0.895246 0.895246
0.448549 0.894966 0.894966
0.447706 0.894685 0.894685
0.446864 0.894404 0.894404
0.446021 0.894123 0.894123
0.445177 0.893841 0.893841
0.444334 0.89356 0.89356
0.443491 0.893277 0.893277
0.442647 0.892995 0.892995
0.441803 0.892712 0.892712
0.440959 0.892428 0.892428
0.440115 0.892145 0.892145
0.43927 0.891861 0.891861
0.438426 0.891576 0.891576
0.437581 0.891292 0.891292
0.436736 0.891007 0.891007
0.435891 0.890721 0.890721
0.435046 0.890435 0.890435
0.4342 0.890149 0.890149
0.433355 0.889863 0.889863
0.432509 0.889576 0.889576
0.431663 0.889289 0.889289
0.430817 0.889001 0.889001
0.429971 0.888713 0.888713
0.429124 0.888425 0.888425
0.428278 0.888136 0.888136
0.427431 0.887848 0.887848
0.426584 0.887558 0.887558
0.425737 0.887269 0.887269
0.424889 0.886979 0.886979
0.424042 0.886688 0.886688
0.423194 0.886398 0.886398
0.422347 0.886107 0.886107
0.421499 0.885815 0.885815
0.42065 0.885523 0.885523
0.419802 0.885231 0.885231
0.418954 0.884939 0.884939
0.418105 0.884646 0.884646
0.417256 0.884353 0.884353
0.416407 0.884059 0.884059
0.415558 0.883766 0.883766
0.414709 0.883471 0.883471
0.413859 0.883177 0.883177
0.41301 0.882882 0.882882
0.41216 0.882587 0.882587
0.41131 0.882291 0.882291
0.41046 0.881995 0.881995
0.40961 0.881699 0.881699
0.408759 0.881402 0.881402
0.407909 0.881105 0.881105
0.407058 0.880808 0.880808
0.406207 0.88051 0.88051
0.405356 0.880212 0.880212
0.404505 0.879914 0.879914
0.403653 0.879615 0.879615
0.402802 0.879316 0.879316
0.40195 0.879017 0.879017
0.401098 0.878717 0.878717
0.400246 0.878417 0.878417
0.399394 0.878117 0.878117
0.398542 0.877816 0.877816
0.397689 0.877515 0.877515
0.396837 0.877213 0.877213
0.395984 0.876911 0.876911
0.395131 0.876609 0.876609
0.394278 0.876307 0.876307
0.393424 0.876004 0.876004
0.392571 0.875701 0.875701
0.391717 0.875397 0.875397
0.390864 0.875093 0.875093
0.39001 0.874789 0.874789
0.389156 0.874484 0.874484
0.388302 0.874179 0.874179
0.387447 0.873874 0.873874
0.386593 0.873568 0.873568
0.385738 0.873262 0.873262
0.384883 0.872956 0.872956
0.384028 0.872649 0.872649
0.383173 0.872342 0.872342
0.382318 0.872035 0.872035
0.381462 0.871727 0.871727
0.380607 0.871419 0.871419
0.379751 0.871111 0.871111
0.378895 0.870802 0.870802
0.378039 0.870493 0.870493
0.377183 0.870184 0.870184
0.376327 0.869874 0.869874
0.37547 0.869564 0.869564
0.374614 0.869253 0.869253
0.373757 0.868943 0.868943
0.3729 0.868632 0.868632
0.372043 0.86832 0.86832
0.371186 0.868008 0.868008
0.370328 0.867696 0.867696
0.369471 0.867384 0.867384
0.368613 0.867071 0.867071
0.367755 0.866758 0.866758
0.366897 0.866444 0.866444
0.366039 0.86613 0.86613
0.365181 0.865816 0.865816
0.364323 0.865501 0.865501
0.363464 0.865186 0.865186
0.362606 0.864871 0.864871
0.361747 0.864556 0.864556
0.360888 0.86424 0.86424
0.360029 0.863923 0.863923
0.35917 0.863607 0.863607
0.35831 0.86329 0.86329
0.357451 0.862973 0.862973
0.356591 0.862655 0.862655
0.355731 0.862337 0.862337
0.354871 0.862019 0.862019
0.354011 0.8617 0.8617
0.353151 0.861381 0.861381
0.352291 0.861062 0.861062
0.35143 0.860742 0.860742
0.35057 0.860422 0.860422
0.349709 0.860102 0.860102
0.348848 0.859781 0.859781
0.347987 0.85946 0.85946
0.347126 0.859139 0.859139
0.346264 0.858817 0.858817
0.345403 0.858495 0.858495
0.344541 0.858172 0.858172
0.34368 0.85785 0.85785
0.342818 0.857527 0.857527
0.341956 0.857203 0.857203
0.341094 0.85688 0.85688
0.340231 0.856555 0.856555
0.339369 0.856231 0.856231
0.338506 0.855906 0.855906
0.337644 0.855581 0.855581
0.336781 0.855256 0.855256
0.335918 0.85493 0.85493
0.335055 0.854604 0.854604
0.334192 0.854277 0.854277
0.333328 0.853951 0.853951
0.332465 0.853624 0.853624
0.331601 0.853296 0.853296
0.330738 0.852968 0.852968
0.329874 0.85264 0.85264
0.32901 0.852312 0.852312
0.328146 0.851983 0.851983
0.327281 0.851654 0.851654
0.326417 0.851324 0.851324
0.325552 0.850995 0.850995
0.324688 0.850664 0.850664
0.323823 0.850334 0.850334
0.322958 0.850003 0.850003
0.322093 0.849672 0.849672
0.321228 0.84934 0.84934
0.320363 0.849009 0.849009
0.319497 0.848676 0.848676
0.318632 0.848344 0.848344
0.317766 0.848011 0.848011
0.3169 0.847678 0.847678
0.316035 0.847344 0.847344
0.315169 0.847011 0.847011
0.314302 0.846676 0.846676
0.313436 0.846342 0.846342
0.31257 0.846007 0.846007
0.311703 0.845672 0.845672
0.310837 0.845336 0.845336
0.30997 0.845001 0.845001
0.309103 0.844664 0.844664
0.308236 0.844328 0.844328
0.307369 0.843991 0.843991
0.306501 0.843654 0.843654
0.305634 0.843316 0.843316
0.304767 0.842979 0.842979
0.303899 0.84264 0.84264
0.303031 0.842302 0.842302
0.302163 0.841963 0.841963
0.301295 0.841624 0.841624
0.300427 0.841284 0.841284
0.299559 0.840945 0.840945
0.298691 0.840604 0.840604
0.297822 0.840264 0.840264
0.296954 0.839923 0.839923
0.296085 0.839582 0.839582
0.295216 0.83924 0.83924
0.294347 0.838899 0.838899
0.293478 0.838557 0.838557
0.292609 0.838214 0.838214
0.29174 0.837871 0.837871
0.290871 0.837528 0.837528
0.290001 0.837185 0.837185
0.289131 0.836841 0.836841
0.288262 0.836497 0.836497
0.287392 0.836152 0.836152
0.286522 0.835807 0.835807
0.285652 0.835462 0.835462
0.284782 0.835117 0.835117
0.283911 0.834771 0.834771
0.283041 0.834425 0.834425
0.282171 0.834078 0.834078
0.2813 0.833732 0.833732
0.280429 0.833385 0.833385
0.279558 0.833037 0.833037
0.278687 0.832689 0.832689
0.277816 0.832341 0.832341
0.276945 0.831993 0.831993
0.276074 0.831644 0.831644
0.275202 0.831295 0.831295
0.274331 0.830946 0.830946
0.273459 0.830596 0.830596
0.272588 0.830246 0.830246
0.271716 0.829895 0.829895
0.270844 0.829545 0.829545
0.269972 0.829194 0.829194
0.2691 0.828842 0.828842
0.268227 0.828491 0.828491
0.267355 0.828139 0.828139
0.266483 0.827786 0.827786
0.26561 0.827434 0.827434
0.264737 0.827081 0.827081
0.263865 0.826727 0.826727
0.262992 0.826374 0.826374
0.262119 0.82602 0.82602
0.261246 0.825665 0.825665
0.260372 0.825311 0.825311
0.259499 0.824956 0.824956
0.258626 0.8246 0.8246
0.257752 0.824245 0.824245
0.256879 0.823889 0.823889
0.256005 0.823533 0.823533
0.255131 0.823176 0.823176
0.254257 0.822819 0.822819
0.253383 0.822462 0.822462
0.252509 0.822104 0.822104
0.251635 0.821746 0.821746
0.250761 0.821388 0.821388
0.249886 0.82103 0.82103
0.249012 0.820671 0.820671
0.248137 0.820312 0.820312
0.247262 0.819952 0.819952
0.246388 0.819592 0.819592
0.245513 0.819232 0.819232
0.244638 0.818872 0.818872
0.243763 0.818511 0.818511
0.242887 0.81815 0.81815
0.242012 0.817788 0.817788
0.241137 0.817427 0.817427
0.240261 0.817064 0.817064
0.239386 0.816702 0.816702
0.23851 0.816339 0.816339
0.237634 0.815976 0.815976
0.236758 0.815613 0.815613
0.235883 0.815249 0.815249
0.235007 0.814885 0.814885
0.23413 0.814521 0.814521
0.233254 0.814156 0.814156
0.232378 0.813791 0.813791
0.231501 0.813426 0.813426
0.230625 0.81306 0.81306
0.229748 0.812694 0.812694
0.228872 0.812328 0.812328
0.227995 0.811961 0.811961
0.227118 0.811594 0.811594
0.226241 0.811227 0.811227
0.225364 0.81086 0.81086
0.224487 0.810492 0.810492
0.22361 0.810124 0.810124
0.222732 0.809755 0.809755
0.221855 0.809386 0.809386
0.220978 0.809017 0.809017
0.2201 0.808648 0.808648
0.219222 0.808278 0.808278
0.218345 0.807908 0.807908
0.217467 0.807537 0.807537
0.216589 0.807166 0.807166
0.215711 0.806795 0.806795
0.214833 0.806424 0.806424
0.213955 0.806052 0.806052
0.213076 0.80568 0.80568
0.212198 0.805308 0.805308
0.21132 0.804935 0.804935
0.210441 0.804562 0.804562
0.209563 0.804189 0.804189
0.208684 0.803815 0.803815
0.207805 0.803441 0.803441
0.206926 0.803067 0.803067
0.206047 0.802693 0.802693
0.205168 0.802318 0.802318
0.204289 0.801943 0.801943
0.20341 0.801567 0.801567
0.202531 0.801191 0.801191
0.201652 0.800815 0.800815
0.200772 0.800439 0.800439
0.199893 0.800062 0.800062
0.199013 0.799685 0.799685
0.198134 0.799307 0.799307
0.197254 0.79893 0.79893
0.196374 0.798551 0.798551
0.195494 0.798173 0.798173
0.194614 0.797794 0.797794
0.193734 0.797415 0.797415
0.192854 0.797036 0.797036
0.191974 0.796657 0.796657
0.191094 0.796277 0.796277
0.190213 0.795896 0.795896
0.189333 0.795516 0.795516
0.188453 0.795135 0.795135
0.187572 0.794754 0.794754
0.186691 0.794372 0.794372
0.185811 0.79399 0.79399
0.18493 0.793608 0.793608
0.184049 0.793226 0.793226
0.183168 0.792843 0.792843
0.182287 0.79246 0.79246
0.181406 0.792077 0.792077
0.180525 0.791693 0.791693
0.179644 0.791309 0.791309
0.178762 0.790925 0.790925
0.177881 0.79054 0.79054
0.177 0.790155 0.790155
0.176118 0.78977 0.78977
0.175237 0.789384 0.789384
0.174355 0.788998 0.788998
0.173473 0.788612 0.788612
0.172592 0.788226 0.788226
0.17171 0.787839 0.787839
0.170828 0.787452 0.787452
0.169946 0.787064 0.787064
0.169064 0.786677 0.786677
0.168182 0.786288 0.786288
0.1673 0.7859 0.7859
0.166417 0.785511 0.785511
0.165535 0.785122 0.785122
0.164653 0.784733 0.784733
0.16377 0.784344 0.784344
0.162888 0.783954 0.783954
0.162005 0.783563 0.783563
0.161123 0.783173 0.783173
0.16024 0.782782 0.782782
0.159357 0.782391 0.782391
0.158474 0.781999 0.781999
0.157592 0.781608 0.781608
0.156709 0.781216 0.781216
0.155826 0.780823 0.780823
0.154943 0.78043 0.78043
0.154059 0.780037 0.780037
0.153176 0.779644 0.779644
0.152293 0.77925 0.77925
0.15141 0.778857 0.778857
0.150526 0.778462 0.778462
0.149643 0.778068 0.778068
0.148759 0.777673 0.777673
0.147876 0.777278 0.777278
0.146992 0.776882 0.776882
0.146109 0.776487 0.776487
0.145225 0.77609 0.77609
0.144341 0.775694 0.775694
0.143457 0.775297 0.775297
0.142574 0.7749 0.7749
0.14169 0.774503 0.774503
0.140806 0.774105 0.774105
0.139922 0.773708 0.773708
0.139037 0.773309 0.773309
0.138153 0.772911 0.772911
0.137269 0.772512 0.772512
0.136385 0.772113 0.772113
0.1355 0.771713 0.771713
0.134616 0.771314 0.771314
0.133732 0.770914 0.770914
0.132847 0.770513 0.770513
0.131963 0.770113 0.770113
0.131078 0.769712 0.769712
0.130193 0.76931 0.76931
0.129309 0.768909 0.768909
0.128424 0.768507 0.768507
0.127539 0.768105 0.768105
0.126654 0.767702 0.767702
0.125769 0.767299 0.767299
0.124885 0.766896 0.766896
0.124 0.766493 0.766493
0.123114 0.766089 0.766089
0.122229 0.765685 0.765685
0.121344 0.765281 0.765281
