      1.0000000      1.0000000     -2.1960000     -175.33440      1.0990000     -43.918400      1.0990000              4
      1.6989700      1.0000000     -2.0372000     -32.531136      1.0193000     -8.1475960      1.0193000             12
      2.0000000      1.0000000     -2.0178000     -16.109136      1.0094500     -4.0346210      1.0094500             32
      2.6989700      1.0000000     -2.0018800     -3.1831738      1.0014700    -0.79972436      1.0014700            134
      3.0000000      1.0000000     -1.9993300     -1.5748596      1.0003300    -0.39844356      1.0003300            274
      3.6989700      1.0000000     -1.9976580    -0.29676199     0.99950100   -0.078409600     0.99950100           1366
      4.0000000      1.0000000     -1.9973320    -0.13597529     0.99936700   -0.038346276     0.99936700           2882
      4.6989700      1.0000000     -1.9972418  -0.0087398669     0.99930480  -0.0064197212     0.99930480          14476
      5.0000000      1.0000000     -1.9972210   0.0072196636     0.99929610  -0.0024389901     0.99929610          28882
      5.6989700      1.0000000     -1.9971790    0.020008784     0.99928147  0.00075738586     0.99928147         144504
      6.0000000      1.0000000     -1.9971711    0.021658958     0.99927882   0.0011634998     0.99927882         289448
