      1.0000000      2.4000000     -1.6340000     -14.674722     0.84550000     -8.6896250     0.84550000            806
      1.6989700      2.4000000     -1.3626000      1.6555028     0.65170000      6.6986017     0.65170000           4728
      2.0000000      2.4000000     -1.2525000      1.0593576     0.30140000      15.512018     0.34170000          10789
      2.6989700      2.4000000     -1.2455200      1.0479396     0.40514000      9.3752607     0.40934000          53447
      3.0000000      2.4000000     -1.2162000      1.3940111     0.16851000      8.8528800     0.38851000         110502
      3.6989700      2.4000000     -1.2385020      1.4246789     0.19401000      8.6166981     0.45930600         538687
      4.0000000      2.4000000     -1.2390170      1.4483739    -0.11613750      9.0826548     0.46116350        1075359
      4.6989700      2.4000000     -1.2369916      1.3853187   -0.033931100      8.8214447     0.45063270        5385294
      5.0000000      2.4000000     -1.2348012      1.4169693    0.083197600      9.1383885     0.44672280       10804435
      5.6989700      2.4000000     -1.2373013      1.4170424   -0.031049100      8.8943794     0.45461868       53839869
      6.0000000      2.4000000     -1.2370527      1.4148846   0.0093526900      8.9300665     0.45259608      107716101
