      1.0000000      1.0000000     -2.2000000     -176.00000     -1.1000000     -44.000000      1.1000000              0
      1.6989700      1.0000000     -2.0388000     -32.592576     -1.0197000     -8.1546360      1.0197000              6
      2.0000000      1.0000000     -2.0188000     -16.131776     -1.0097000     -4.0370360      1.0097000             15
      2.6989700      1.0000000     -2.0013000     -3.1762760     -1.0013200    -0.79913696      1.0013200            146
      3.0000000      1.0000000     -1.9992700     -1.5729732     -1.0003050    -0.39822721      1.0003050            304
      3.6989700      1.0000000     -1.9972220    -0.29285491    -0.99939000   -0.078140840     0.99939000           1460
      4.0000000      1.0000000     -1.9973540    -0.13567253    -0.99937250   -0.038314502     0.99937250           2908
      4.6989700      1.0000000     -1.9972004  -0.0084295041    -0.99929780  -0.0064292339     0.99929780          14616
      5.0000000      1.0000000     -1.9971929   0.0073020758    -0.99928820  -0.0024264637     0.99928820          28804
      5.6989700      1.0000000     -1.9971502    0.020319845    -0.99927443  0.00077735927     0.99927443         144838
      6.0000000      1.0000000     -1.9971501    0.021858731    -0.99927336   0.0011782506     0.99927336         290276

