      1.0000000      2.4000000     -1.6210000     -15.238264    -0.85350000     -9.6249583     0.85350000            775
      1.6989700      2.4000000     -1.4284000     -1.3968444    -0.73810000     0.11581500     0.73810000           4272
      2.0000000      2.4000000     -1.3158000     0.54183056    -0.58960000      5.6821400     0.58960000           9922
      2.6989700      2.4000000     -1.2465600      1.4625671    -0.30045000      10.271538     0.45943000          53163
      3.0000000      2.4000000     -1.1925000      1.5081632    -0.22364000      10.577705     0.36149000         115077
      3.6989700      2.4000000     -1.2310860      1.4577000     0.11996200      9.1309540     0.44164200         542529
      4.0000000      2.4000000     -1.2266620      1.5082498   -0.032957000      9.2042330     0.43222200        1093887
      4.6989700      2.4000000     -1.2431680      1.4241278   -0.032518500      8.8895814     0.46539110        5344124
      5.0000000      2.4000000     -1.2364192      1.4405787   0.0090285500      8.9884454     0.45314495       10781639
      5.6989700      2.4000000     -1.2351241      1.4088963   0.0092362900      8.8021757     0.45232941       54000962
      6.0000000      2.4000000     -1.2370508      1.4157608   0.0077007850      8.9423166     0.45247819      107713844