      1.0000000     0.50000000     -2.2000000     -7.0400000     -1.1000000    -0.88000000      1.1000000              0
      1.0000000      1.0000000     -2.2000000     -1.7600000     -1.1000000    -0.44000000      1.1000000              0
      1.0000000      1.5000000     -2.2000000    -0.78222222     -1.1000000    -0.29333333      1.1000000              0
      1.0000000      2.0000000     -1.2000000     0.96000000    -0.70000000     0.12000000     0.80000000             17
      1.0000000      2.5000000     -1.2000000     0.61440000    -0.70000000    0.096000000     0.80000000             17
      1.0000000      3.0000000     -1.2000000     0.42666667    -0.70000000    0.080000000     0.80000000             17
      1.0000000      3.5000000     -1.2000000     0.31346939    -0.70000000    0.068571429     0.80000000             17
      1.0000000      4.0000000     -1.2000000     0.24000000    -0.70000000    0.060000000     0.80000000             19
      2.0000000     0.50000000     -2.0200000    -0.64640000     -1.0100000   -0.080800000      1.0100000              0
      2.0000000      1.0000000     -2.0200000    -0.16160000     -1.0100000   -0.040400000      1.0100000              0
      2.0000000      1.5000000     -2.0200000   -0.071822222     -1.0100000   -0.026933333      1.0100000              6
      2.0000000      2.0000000     -1.7800000     0.39160000    -0.65000000    0.090200000     0.93000000             46
      2.0000000      2.5000000     -1.6400000     0.37785600     0.12500000     0.13100000     0.87500000             75
      2.0000000      3.0000000     -1.4800000     0.34204444    -0.29500000     0.12036667     0.83500000            105
      2.0000000      3.5000000     -1.2600000     0.33057959     0.27000000     0.13988571     0.76000000            147
      2.0000000      4.0000000     -1.2000000     0.26000000    0.045000000     0.13227500     0.73500000            171
      3.0000000     0.50000000     -2.0020000   -0.064064000     -1.0010000  -0.0080080000      1.0010000              0
      3.0000000      1.0000000     -2.0020000   -0.016016000     -1.0010000  -0.0040040000      1.0010000              2
      3.0000000      1.5000000     -1.9580000     0.14619733     0.82550000    0.025514000     0.98650000             72
      3.0000000      2.0000000     -1.8140000     0.34540400    0.031500000    0.082179500     0.93950000            354
      3.0000000      2.5000000     -1.5820000     0.43345664    0.034500000     0.13610840     0.86150000            844
      3.0000000      3.0000000     -1.4580000     0.37254933    -0.15650000     0.13785033     0.82150000           1106
      3.0000000      3.5000000     -1.2120000     0.32491624    0.087500000     0.14336429     0.74250000           1606
      3.0000000      4.0000000     -1.1000000     0.26350000     0.11950000     0.14124375     0.69750000           1866
      4.0000000     0.50000000     -2.0002000  -0.0064006400     -1.0001000 -0.00080008000      1.0001000              0
      4.0000000      1.0000000     -1.9960000    0.031936000    0.031750000   0.0028947100     0.99885000             78
      4.0000000      1.5000000     -1.9434000     0.19554923   -0.039700000    0.036524160     0.98120000           1120
      4.0000000      2.0000000     -1.7910000     0.37831900    0.038750000    0.096879875     0.92975000           4094
      4.0000000      2.5000000     -1.5902000     0.42474493    0.014150000     0.13673596     0.86265000           8100
      4.0000000      3.0000000     -1.3864000     0.39195335   -0.018300000     0.15246921     0.79470000          12216
      4.0000000      3.5000000     -1.1852000     0.33283297    0.014150000     0.15423403     0.72665000          16148
      4.0000000      4.0000000     -1.0496000     0.27258496   0.0047000000     0.14519751     0.68070000          19042
      5.0000000     0.50000000     -1.9997200   0.0089587456    -0.30395500  0.00069991180     0.99989500             72
      5.0000000      1.0000000     -1.9957200    0.034486726     0.21419500   0.0044016479     0.99855500            878
      5.0000000      1.5000000     -1.9435400     0.19564848    0.037975000    0.036495333     0.98124500          11174
      5.0000000      2.0000000     -1.7989600     0.36398292   0.0080950000    0.091832980     0.93298500          40192
      5.0000000      2.5000000     -1.6018800     0.41562910   0.0050100000     0.13256090     0.86713000          79598
      5.0000000      3.0000000     -1.4000000     0.38613333  -0.0055600000     0.14889065     0.80012000         120094
      5.0000000      3.5000000     -1.2199200     0.32818782   0.0022750000     0.14842463     0.74086500         156018
      5.0000000      4.0000000     -1.0767400     0.26852774   0.0053650000     0.13917142     0.69442500         184926
      6.0000000     0.50000000     -1.9996720    0.010494279     0.23092850  0.00063390755     0.99989250            636
      6.0000000      1.0000000     -1.9958840    0.032892234  -0.0076055000   0.0040535744     0.99863750           8174
      6.0000000      1.5000000     -1.9433120     0.19611461  -0.0013690000    0.037251173     0.98100500         113516
      6.0000000      2.0000000     -1.8009280     0.36103434   0.0068745000    0.090971030     0.93366950         398462
      6.0000000      2.5000000     -1.6013700     0.41517192  -0.0022920000     0.13156236     0.86746500         797373
      6.0000000      3.0000000     -1.3990560     0.38551569  -0.0045940000     0.14741090     0.80079200        1200803
      6.0000000      3.5000000     -1.2204960     0.32742319   0.0018210000     0.14697843     0.74216600        1557581
      6.0000000      4.0000000     -1.0726800     0.26857140   0.0010850000     0.13844928     0.69406500        1855982
      7.0000000     0.50000000     -1.9996584    0.010929333    0.030320100  0.00067269785     0.99988700           6950
      7.0000000      1.0000000     -1.9959950    0.031982240   -0.014154750   0.0039823994     0.99866765          79770
      7.0000000      1.5000000     -1.9434320     0.19574766  -0.0031099000    0.036740284     0.98115740        1131120
      7.0000000      2.0000000     -1.8006138     0.36148394   0.0025408000    0.090768944     0.93368350        3985956
      7.0000000      2.5000000     -1.6020422     0.41487231   0.0019372500     0.13115765     0.86782305        7961089
      7.0000000      3.0000000     -1.4003716     0.38525733   0.0019025000     0.14707952     0.80134260       11991344
      7.0000000      3.5000000     -1.2213946     0.32724729 -0.00093000000     0.14675069     0.74258750       15572666
      7.0000000      4.0000000     -1.0720090     0.26879488 4.0900000E-005     0.13841791     0.69396750       18557258
